A frame 8975: draws=451  B frame 7357: draws=391
model     A  lodA   B  lodB  delta
00004f75   96 [0, 1]      0 []       -96
00004f72    0 []         93 [0]      +93
00005531   33 [2]         0 []       -33
00004f76    0 []         32 [0]      +32
35ba45c3   25 [0]         0 []       -25
00005529   16 [0]         0 []       -16
00000224    3 [0]         0 []       -3
0000501c    3 [0]         1 [0]      -2
000002d0    2 [0]         0 []       -2
00004e37    2 [1]         0 []       -2
00005414    2 [3]         0 []       -2
0000501d    0 []          1 [0]      +1
0000501b    0 []          1 [0]      +1
000002e5    1 [0]         0 []       -1
000002f0    1 [0]         0 []       -1
00000226    1 [0]         0 []       -1
0000501f    1 [0]         0 []       -1
000002fe    1 [0]         0 []       -1
000002f8    1 [0]         0 []       -1
0000501a    0 []          1 [0]      +1
000002e9    1 [0]         0 []       -1
