12714 8 usc_dock_e_tower 0 40164 2833 386 3685 871
12714 9 usc_dock_e_tower 0 3036 2842 417 3524 820
12714 10 usc_dock_e_tower 0 11388 2862 393 3664 864
12714 11 usc_dock_e_tower 0 6340 2842 417 3523 819
12714 12 usc_dock_e_tower 0 390 3329 650 3428 756
12714 13 usc_dock_e_upper_core 1 32238 3346 162 4704 985
12714 14 usc_dock_e_upper_core 1 8526 3347 164 4650 969
12714 15 usc_dock_e_upper_core 1 174 3404 152 4083 810
12714 16 usc_dock_e_lower_core 1 34590 3322 683 3708 1041
12714 17 usc_dock_e_lower_core 1 25771 3330 683 3707 1033
12714 18 usc_dock_e_lower_core 1 1016 3355 720 3688 1016
12714 19 usc_dock_e_left_rings 1 25710 3376 554 3974 916
12714 20 usc_dock_e_left_rings 1 690 3425 682 3551 792
12714 21 usc_dock_e_right_rings 1 34729 3372 734 3793 990
12714 22 usc_dock_e_right_rings 1 436 3491 834 3650 934
13309 11 usc_dock_e_tower 1 35610 2531 406 3158 837
13309 12 usc_dock_e_tower 1 25318 2531 406 3145 832
13309 13 usc_dock_e_tower 1 390 2930 659 2998 746
13309 14 usc_dock_e_upper_core 1 32238 2942 297 3635 906
13309 15 usc_dock_e_upper_core 1 8526 2943 298 3614 896
13309 16 usc_dock_e_upper_core 1 174 2982 296 3369 787
13309 17 usc_dock_e_lower_core 1 34590 2926 687 3171 971
13309 18 usc_dock_e_lower_core 1 25771 2932 687 3171 964
13309 19 usc_dock_e_lower_core 1 1016 2949 716 3160 950
13309 20 usc_dock_e_left_rings 1 25710 2963 582 3316 863
13309 21 usc_dock_e_left_rings 1 690 2996 686 3077 774
13309 22 usc_dock_e_right_rings 1 34729 2960 728 3219 922
13309 23 usc_dock_e_right_rings 1 436 3039 807 3137 882
union 12714 2833 152 4704 1041
union 13309 2531 296 3635 971
