floor scale 0.5
class  ships    R med  main before  main after  lift  min noz before  min noz after
M2        33     6961      18750.0     36159.2  1.93         18750.0        34806.7
TL        10     5869      18750.0     36755.1  1.96         14058.0        26683.6
M1        17     5407      18750.0     29920.7  1.60         18750.0        27036.8
?         38     3253      18750.0     20819.3  1.11          9366.0        20819.3
M7        40     2798      18750.0     19279.3  1.03          9366.0        18750.0
M6        37      452       4000.0      6250.0  1.56          4000.0         5689.3
TM        11      449       4000.0      5587.2  1.40          1000.0         4000.0
GONER      2      411       4000.0      5471.8  1.37          4000.0         5471.8
TP        15      341       4000.0      4635.0  1.16          1000.0         4000.0
TS        49      258       4000.0      4142.2  1.04          1000.0         3753.1
M8         6      182       1500.0      3040.8  2.03          1000.0         3040.8
M3        60       76       1000.0      1322.4  1.32          1000.0         1322.4
M4        47       56       1000.0      1000.0  1.00          1000.0         1000.0
M5        40       48       1000.0      1000.0  1.00          1000.0         1000.0
