frame dt_p50 pre_render views scene_end | collide simulate post passb sum input self | draws  (ms)
  300    7.2      5.4    1.6    0.02 |   0.00    0.00  0.00  0.00  0.00   5.41  0.00 | 56
  600   15.1      4.7    7.7    0.15 |   0.52    0.02  0.01  0.14  0.69   4.72  0.00 | 337
  900   16.5      5.5    8.1    0.24 |   0.56    0.02  0.01  0.15  0.75   5.51  0.00 | 337
 1200   17.3      6.2    8.0    0.23 |   0.55    0.02  0.01  0.15  0.74   6.23  0.00 | 338
 1500   18.3      7.4    7.9    0.23 |   0.57    0.02  0.01  0.15  0.76   7.42  0.00 | 338
 1800   20.1      8.5    8.6    0.23 |   0.56    0.03  0.01  0.17  0.78   8.48  0.00 | 338
 2100   20.8      9.2    8.5    0.23 |   0.56    0.04  0.01  0.19  0.81   9.18  0.00 | 338
 2400   21.2     10.3    8.2    0.23 |   0.61    0.04  0.01  0.18  0.86  10.25  0.00 | 338
 2700   16.2     10.7    4.3    0.24 |   0.58    0.04  0.01  0.19  0.83  10.66  0.00 | 58
 3000   23.2     12.3    8.2    0.22 |   0.57    0.04  0.01  0.17  0.80  12.30  0.00 | 335
 3300   23.9     13.0    8.1    0.19 |   0.56    0.02  0.01  0.14  0.77  12.97  0.00 | 335
 3600   24.6     13.6    8.1    0.19 |   0.56    0.02  0.01  0.14  0.74  13.64  0.00 | 335
 3900   24.8     14.0    8.1    0.19 |   0.55    0.02  0.01  0.14  0.73  14.02  0.00 | 335
 4200   19.5     14.6    3.8    0.23 |   0.57    0.02  0.01  0.15  0.76  14.61  0.00 | 51
 4500   24.9     15.0    7.8    0.22 |   0.58    0.02  0.01  0.15  0.77  14.99  0.00 | 330
 4800   26.2     15.5    8.1    0.23 |   0.57    0.03  0.01  0.14  0.75  15.47  0.00 | 334
 5100   26.8     15.8    8.3    0.18 |   0.54    0.02  0.01  0.14  0.71  15.82  0.00 | 338
 5400   22.1     16.5    4.1    0.20 |   0.56    0.02  0.01  0.14  0.73  16.50  0.00 | 49
 5700   28.1     16.8    8.7    0.18 |   0.58    0.02  0.01  0.14  0.75  16.78  0.00 | 335
 6000   28.4     17.2    8.4    0.19 |   0.57    0.02  0.01  0.14  0.74  17.25  0.00 | 335
 6300   24.3     17.9    4.4    0.19 |   0.58    0.03  0.01  0.14  0.76  17.92  0.00 | 70
