frames 29849
frames with sun on screen (|ndc|<=1) 14863
on-screen ranges: first last min_ndc_radius min_axis_deg p11
1338 1592 0.253 14.81 [1.7778]
1693 2024 0.11 12.41 [1.7778]
6572 7413 0.098 4.55 [1.7778]
10128 10297 0.415 39.63 [1.7778]
10528 10584 1.272 61.94 [1.7778]
11008 12367 1.022 55.75 [1.7778]
13190 13461 0.775 40.04 [1.7778]
14089 15734 0.662 27.24 [1.7778]
15799 15975 0.655 24.23 [1.7778]
18056 20282 0.072 2.71 [1.7778]
20380 20583 0.206 7.87 [1.7778]
20823 22834 0.174 8.15 [1.4918, 1.5184, 1.5454, 1.5729, 1.6007, 1.6291, 1.6578, 1.6871, 1.7168, 1.747, 1.7778, 1.8092]
24758 24764 0.646 20.2 [1.7778]
24809 24852 0.914 27.85 [1.7778]
25221 29995 0.027 1.29 [1.7778]
30243 30494 0.785 23.83 [1.7778]
30681 30911 0.675 42.2 [1.7778]
