11208 h=568 vz 2450 value 491 px | cap q/k/disc_fade at pulse 0.75,1,1.25: 4.65/0.38/0.40 8.07/0.36/0.40 30.18/0.34/0.40 -> plume ring at r/v 0.101/0.095/0.089
   R  3.08  2.87  2.62  2.53  2.50  2.49  2.47  2.39  2.27  2.08  1.75  1.31  1.07  1.02  1.00  1.18  1.01  0.73  0.52  0.42  0.37  0.35  0.34  0.30  0.28  0.29  0.28  0.27  0.28  0.27  0.26  0.27  0.26  0.25  0.25  0.25
   G  1.60  1.47  1.25  1.05  0.98  0.93  0.93  0.98  1.16  1.33  1.29  1.07  0.93  0.90  0.88  1.03  0.79  0.44  0.27  0.18  0.15  0.13  0.13  0.10  0.11  0.11  0.10  0.10  0.10  0.10  0.09  0.09  0.08  0.09  0.09  0.08
   B  1.38  1.21  1.07  0.80  0.78  0.67  0.69  0.70  0.92  1.04  1.02  0.82  0.68  0.66  0.66  1.00  0.60  0.23  0.13  0.08  0.07  0.07  0.07  0.09  0.10  0.10  0.09  0.09  0.09  0.09  0.08  0.07  0.07  0.07  0.07  0.06
11208 h=569 vz 2521 value 477 px | cap q/k/disc_fade at pulse 0.75,1,1.25: 4.37/0.39/0.40 7.25/0.37/0.40 21.21/0.34/0.40 -> plume ring at r/v 0.104/0.097/0.091
   R  3.02  2.83  2.59  2.49  2.47  2.47  2.46  2.40  2.27  2.09  1.94  1.61  1.23  1.05  1.02  1.77  1.18  0.71  0.59  0.34  0.33  0.31  0.30  0.29  0.27  0.26  0.26  0.25  0.24  0.24  0.23  0.23  0.23  0.24  0.24  0.24
   G  1.57  1.46  1.27  1.07  1.00  0.94  0.93  0.94  1.06  1.27  1.36  1.23  1.02  0.93  0.89  1.64  1.01  0.48  0.32  0.26  0.23  0.20  0.19  0.17  0.14  0.12  0.09  0.09  0.09  0.07  0.07  0.07  0.07  0.07  0.07  0.07
   B  1.35  1.18  1.10  0.81  0.80  0.67  0.69  0.67  0.84  0.98  1.09  0.96  0.78  0.69  0.65  1.52  0.74  0.21  0.13  0.11  0.10  0.09  0.09  0.10  0.10  0.07  0.07  0.07  0.07  0.06  0.05  0.05  0.05  0.06  0.06  0.06
11209 h=568 vz 2325 value 517 px | cap q/k/disc_fade at pulse 0.75,1,1.25: 5.26/0.36/0.40 10.08/0.34/0.40 120.08/0.32/0.40 -> plume ring at r/v 0.096/0.090/0.084
   R  3.07  2.85  2.60  2.52  2.49  2.49  2.46  2.34  2.20  1.92  1.48  1.12  1.02  1.01  1.00  1.19  1.01  0.73  0.53  0.43  0.37  0.35  0.35  0.30  0.29  0.29  0.29  0.28  0.28  0.27  0.26  0.27  0.26  0.25  0.25  0.25
   G  1.61  1.45  1.21  1.03  0.97  0.93  0.93  1.04  1.26  1.34  1.15  0.97  0.90  0.90  0.88  1.04  0.79  0.45  0.27  0.19  0.15  0.13  0.13  0.10  0.11  0.11  0.10  0.10  0.11  0.10  0.09  0.09  0.08  0.09  0.09  0.08
   B  1.44  1.18  1.03  0.76  0.75  0.67  0.69  0.76  1.01  1.06  0.90  0.74  0.64  0.67  0.65  1.01  0.60  0.24  0.14  0.08  0.07  0.07  0.07  0.09  0.10  0.10  0.09  0.09  0.09  0.09  0.08  0.07  0.07  0.07  0.06  0.06
11209 h=569 vz 2395 value 502 px | cap q/k/disc_fade at pulse 0.75,1,1.25: 4.91/0.37/0.40 8.85/0.35/0.40 45.18/0.33/0.40 -> plume ring at r/v 0.099/0.092/0.087
   R  3.02  2.79  2.56  2.48  2.47  2.46  2.45  2.36  2.19  2.02  1.79  1.36  1.09  1.02  1.01  1.90  1.19  0.74  0.60  0.36  0.33  0.31  0.31  0.29  0.28  0.26  0.26  0.25  0.25  0.24  0.23  0.22  0.23  0.23  0.24  0.23
   G  1.59  1.45  1.24  1.05  0.99  0.93  0.93  0.97  1.13  1.33  1.31  1.10  0.94  0.91  0.88  1.73  1.00  0.49  0.33  0.26  0.23  0.20  0.19  0.17  0.14  0.11  0.09  0.09  0.09  0.07  0.07  0.07  0.07  0.07  0.07  0.07
   B  1.37  1.18  1.05  0.78  0.77  0.67  0.69  0.69  0.91  1.05  1.04  0.87  0.70  0.68  0.64  1.62  0.76  0.22  0.14  0.11  0.10  0.09  0.09  0.10  0.10  0.07  0.07  0.07  0.07  0.06  0.05  0.05  0.05  0.06  0.06  0.06
11210 h=568 vz 2210 value 544 px | cap q/k/disc_fade at pulse 0.75,1,1.25: 5.98/0.35/0.40 13.09/0.32/0.40 5027.16/0.30/0.40 -> plume ring at r/v 0.091/0.085/0.080
   R  3.07  2.83  2.58  2.52  2.49  2.49  2.42  2.28  2.11  1.73  1.26  1.05  1.01  1.00  1.00  1.18  1.02  0.72  0.53  0.43  0.38  0.36  0.35  0.30  0.29  0.29  0.28  0.28  0.28  0.27  0.26  0.26  0.26  0.25  0.25  0.25
   G  1.61  1.43  1.19  1.01  0.97  0.92  0.96  1.12  1.34  1.28  1.03  0.92  0.89  0.89  0.88  1.04  0.80  0.43  0.27  0.19  0.16  0.14  0.13  0.11  0.11  0.11  0.10  0.10  0.11  0.10  0.09  0.09  0.08  0.09  0.08  0.08
   B  1.42  1.17  1.02  0.74  0.77  0.66  0.72  0.84  1.08  0.99  0.80  0.69  0.65  0.66  0.66  1.00  0.62  0.23  0.14  0.09  0.07  0.07  0.08  0.09  0.10  0.10  0.09  0.09  0.09  0.09  0.08  0.07  0.07  0.07  0.06  0.06
11210 h=569 vz 2278 value 528 px | cap q/k/disc_fade at pulse 0.75,1,1.25: 5.53/0.36/0.40 11.12/0.33/0.40 5027.16/0.31/0.40 -> plume ring at r/v 0.094/0.088/0.082
   R  3.00  2.77  2.54  2.48  2.47  2.46  2.42  2.31  2.12  1.95  1.58  1.19  1.03  1.01  1.00  1.96  1.18  0.74  0.57  0.35  0.34  0.32  0.30  0.29  0.28  0.26  0.26  0.25  0.25  0.24  0.23  0.23  0.23  0.24  0.24  0.24
   G  1.57  1.42  1.21  1.03  0.98  0.93  0.94  1.02  1.24  1.35  1.21  0.99  0.91  0.90  0.89  1.77  1.01  0.51  0.33  0.26  0.24  0.20  0.19  0.17  0.14  0.11  0.09  0.10  0.09  0.08  0.07  0.07  0.07  0.07  0.07  0.07
   B  1.37  1.17  1.04  0.77  0.78  0.66  0.70  0.75  0.99  1.06  0.97  0.76  0.66  0.66  0.66  1.68  0.75  0.22  0.13  0.11  0.10  0.09  0.09  0.10  0.10  0.07  0.07  0.07  0.07  0.06  0.05  0.05  0.05  0.06  0.06  0.06
11211 h=568 vz 2105 value 571 px | cap q/k/disc_fade at pulse 0.75,1,1.25: 6.83/0.33/0.40 17.99/0.31/0.40 5027.16/0.29/0.40 -> plume ring at r/v 0.087/0.081/0.076
   R  3.07  2.80  2.57  2.51  2.49  2.48  2.38  2.21  1.96  1.47  1.10  1.02  1.00  1.00  1.00  1.18  1.00  0.72  0.54  0.44  0.38  0.36  0.36  0.30  0.29  0.29  0.29  0.28  0.28  0.28  0.27  0.28  0.27  0.26  0.25  0.25
   G  1.60  1.41  1.16  0.99  0.96  0.92  0.99  1.22  1.35  1.15  0.95  0.91  0.89  0.90  0.88  1.04  0.79  0.43  0.28  0.19  0.16  0.14  0.14  0.11  0.11  0.11  0.10  0.11  0.10  0.10  0.09  0.09  0.09  0.09  0.08  0.08
   B  1.41  1.16  0.98  0.73  0.74  0.66  0.74  0.93  1.10  0.89  0.72  0.69  0.63  0.67  0.65  1.00  0.61  0.24  0.14  0.09  0.07  0.07  0.07  0.09  0.10  0.10  0.10  0.09  0.09  0.09  0.08  0.08  0.07  0.07  0.06  0.06
11211 h=569 vz 2172 value 554 px | cap q/k/disc_fade at pulse 0.75,1,1.25: 6.27/0.34/0.40 14.54/0.32/0.40 5027.16/0.30/0.40 -> plume ring at r/v 0.090/0.084/0.079
   R  2.99  2.75  2.52  2.47  2.47  2.45  2.39  2.25  2.04  1.79  1.33  1.06  1.01  1.00  1.00  1.94  1.18  0.75  0.56  0.36  0.35  0.32  0.29  0.29  0.28  0.27  0.26  0.26  0.25  0.24  0.23  0.23  0.24  0.24  0.25  0.25
   G  1.56  1.41  1.18  1.01  0.96  0.93  0.95  1.09  1.33  1.31  1.08  0.94  0.89  0.90  0.88  1.76  1.00  0.52  0.34  0.25  0.25  0.20  0.18  0.17  0.14  0.11  0.10  0.10  0.09  0.08  0.07  0.07  0.07  0.07  0.07  0.07
   B  1.31  1.16  1.00  0.75  0.74  0.67  0.70  0.82  1.07  1.02  0.86  0.71  0.64  0.67  0.63  1.64  0.74  0.24  0.14  0.11  0.10  0.09  0.09  0.10  0.10  0.07  0.07  0.07  0.07  0.06  0.05  0.05  0.06  0.06  0.06  0.06
11212 h=568 vz 2010 value 598 px | cap q/k/disc_fade at pulse 0.75,1,1.25: 7.84/0.31/0.40 27.16/0.29/0.40 5027.16/0.28/0.40 -> plume ring at r/v 0.083/0.078/0.073
   R  3.07  2.79  2.56  2.50  2.49  2.47  2.32  2.14  1.79  1.27  1.04  1.01  1.00  1.00  1.00  1.18  1.03  0.71  0.54  0.45  0.38  0.37  0.35  0.30  0.29  0.30  0.29  0.28  0.28  0.28  0.27  0.28  0.28  0.26  0.26  0.26
   G  1.61  1.39  1.13  0.98  0.96  0.93  1.04  1.30  1.30  1.04  0.91  0.90  0.89  0.90  0.88  1.04  0.81  0.41  0.28  0.20  0.16  0.14  0.14  0.11  0.11  0.11  0.11  0.11  0.10  0.10  0.09  0.09  0.09  0.09  0.09  0.08
   B  1.43  1.14  0.96  0.72  0.74  0.66  0.80  0.99  1.04  0.79  0.68  0.68  0.64  0.67  0.65  1.00  0.63  0.23  0.14  0.09  0.07  0.07  0.07  0.09  0.10  0.10  0.09  0.09  0.09  0.09  0.08  0.08  0.07  0.07  0.07  0.06
11212 h=569 vz 2075 value 579 px | cap q/k/disc_fade at pulse 0.75,1,1.25: 7.12/0.32/0.40 20.15/0.30/0.40 5027.16/0.28/0.40 -> plume ring at r/v 0.086/0.080/0.075
   R  3.00  2.72  2.51  2.47  2.47  2.45  2.36  2.18  1.97  1.58  1.16  1.02  1.00  1.00  1.00  2.11  1.23  0.77  0.55  0.36  0.36  0.32  0.29  0.29  0.28  0.27  0.26  0.26  0.25  0.24  0.23  0.23  0.24  0.24  0.24  0.25
   G  1.58  1.39  1.16  1.00  0.96  0.92  0.98  1.17  1.36  1.21  0.99  0.91  0.89  0.90  0.89  1.94  1.06  0.55  0.33  0.25  0.25  0.21  0.19  0.17  0.15  0.11  0.10  0.10  0.09  0.08  0.07  0.07  0.07  0.07  0.07  0.07
   B  1.38  1.14  0.98  0.74  0.75  0.66  0.72  0.90  1.10  0.95  0.76  0.68  0.64  0.67  0.64  1.80  0.79  0.25  0.14  0.11  0.10  0.10  0.09  0.10  0.10  0.07  0.07  0.07  0.07  0.06  0.05  0.05  0.05  0.06  0.06  0.06
11213 h=568 vz 1925 value 624 px | cap q/k/disc_fade at pulse 0.75,1,1.25: 9.03/0.30/0.40 49.92/0.28/0.40 5027.16/0.26/0.40 -> plume ring at r/v 0.080/0.074/0.070
   R  3.05  2.76  2.54  2.50  2.49  2.44  2.27  2.06  1.59  1.13  1.02  1.00  1.00  1.00  1.00  1.18  1.03  0.70  0.54  0.45  0.39  0.37  0.36  0.30  0.30  0.30  0.29  0.28  0.28  0.28  0.27  0.28  0.27  0.26  0.26  0.26
   G  1.61  1.36  1.11  0.97  0.95  0.94  1.11  1.33  1.20  0.96  0.90  0.90  0.88  0.90  0.88  1.04  0.82  0.40  0.28  0.20  0.16  0.14  0.14  0.11  0.11  0.11  0.11  0.11  0.10  0.10  0.09  0.09  0.09  0.09  0.09  0.08
   B  1.41  1.12  0.94  0.70  0.73  0.68  0.86  1.03  0.96  0.72  0.67  0.68  0.63  0.67  0.65  1.00  0.64  0.23  0.14  0.09  0.07  0.07  0.08  0.10  0.10  0.10  0.10  0.09  0.09  0.09  0.08  0.08  0.07  0.07  0.06  0.06
11213 h=569 vz 1988 value 605 px | cap q/k/disc_fade at pulse 0.75,1,1.25: 8.12/0.31/0.40 30.85/0.29/0.40 5027.16/0.27/0.40 -> plume ring at r/v 0.082/0.077/0.072
   R  2.99  2.70  2.50  2.47  2.47  2.43  2.32  2.11  1.85  1.36  1.06  1.01  1.00  1.00  1.00  2.07  1.24  0.78  0.53  0.35  0.38  0.33  0.29  0.29  0.29  0.27  0.26  0.26  0.25  0.24  0.23  0.23  0.24  0.24  0.24  0.25
   G  1.58  1.37  1.13  0.99  0.96  0.92  1.01  1.27  1.34  1.09  0.94  0.91  0.89  0.90  0.88  1.92  1.06  0.57  0.32  0.25  0.25  0.21  0.18  0.17  0.15  0.11  0.09  0.11  0.10  0.08  0.07  0.07  0.07  0.07  0.07  0.07
   B  1.38  1.12  0.96  0.72  0.74  0.66  0.77  0.98  1.08  0.85  0.71  0.68  0.64  0.67  0.64  1.79  0.79  0.25  0.14  0.11  0.11  0.10  0.09  0.10  0.10  0.07  0.07  0.07  0.07  0.06  0.05  0.05  0.05  0.06  0.06  0.06
11214 h=568 vz 1850 value 650 px | cap q/k/disc_fade at pulse 0.75,1,1.25: 10.42/0.29/0.40 191.01/0.27/0.40 5027.16/0.25/0.40 -> plume ring at r/v 0.077/0.071/0.067
   R  3.05  2.74  2.54  2.50  2.49  2.41  2.20  1.95  1.40  1.06  1.01  1.00  1.00  1.00  1.00  1.18  1.04  0.69  0.53  0.46  0.39  0.38  0.36  0.31  0.30  0.30  0.29  0.28  0.29  0.28  0.27  0.29  0.28  0.27  0.26  0.26
   G  1.60  1.34  1.09  0.96  0.95  0.96  1.19  1.33  1.10  0.93  0.90  0.90  0.89  0.90  0.88  1.04  0.83  0.38  0.27  0.20  0.16  0.15  0.15  0.12  0.11  0.11  0.11  0.11  0.10  0.10  0.09  0.09  0.09  0.08  0.09  0.08
   B  1.43  1.10  0.92  0.69  0.74  0.69  0.93  1.02  0.87  0.68  0.66  0.67  0.64  0.66  0.65  1.00  0.66  0.23  0.13  0.09  0.08  0.07  0.08  0.10  0.10  0.10  0.10  0.09  0.09  0.09  0.08  0.08  0.07  0.07  0.07  0.06
11214 h=569 vz 1910 value 629 px | cap q/k/disc_fade at pulse 0.75,1,1.25: 9.27/0.30/0.40 58.20/0.28/0.40 5027.16/0.26/0.40 -> plume ring at r/v 0.079/0.074/0.069
   R  3.00  2.68  2.50  2.47  2.47  2.41  2.27  2.04  1.70  1.20  1.03  1.00  1.00  1.00  1.00  2.15  1.27  0.80  0.54  0.35  0.41  0.34  0.29  0.29  0.29  0.27  0.26  0.26  0.25  0.24  0.23  0.23  0.24  0.24  0.24  0.25
   G  1.58  1.36  1.11  0.97  0.96  0.93  1.07  1.32  1.28  1.00  0.91  0.90  0.89  0.90  0.89  1.99  1.10  0.59  0.32  0.25  0.25  0.21  0.19  0.17  0.15  0.12  0.09  0.11  0.10  0.08  0.07  0.07  0.07  0.07  0.07  0.07
   B  1.39  1.11  0.94  0.71  0.75  0.66  0.83  1.01  1.01  0.77  0.68  0.67  0.64  0.66  0.66  1.89  0.84  0.27  0.14  0.11  0.11  0.10  0.09  0.10  0.11  0.07  0.07  0.07  0.07  0.06  0.05  0.05  0.05  0.06  0.06  0.06
11215 h=568 vz 1785 value 673 px | cap q/k/disc_fade at pulse 0.75,1,1.25: 12.03/0.28/0.40 5027.16/0.26/0.40 5027.16/0.24/0.40 -> plume ring at r/v 0.074/0.069/0.065
   R  3.05  2.71  2.53  2.50  2.48  2.38  2.15  1.82  1.25  1.03  1.00  1.00  1.00  1.00  1.00  1.18  1.05  0.69  0.54  0.46  0.40  0.39  0.37  0.31  0.30  0.30  0.29  0.28  0.28  0.28  0.27  0.29  0.28  0.27  0.26  0.26
   G  1.59  1.32  1.08  0.95  0.95  0.99  1.25  1.30  1.02  0.90  0.90  0.90  0.88  0.90  0.88  1.04  0.84  0.38  0.28  0.21  0.17  0.15  0.15  0.12  0.12  0.11  0.11  0.10  0.10  0.10  0.09  0.09  0.09  0.08  0.09  0.08
   B  1.41  1.08  0.90  0.69  0.73  0.74  0.97  1.00  0.81  0.66  0.66  0.68  0.63  0.67  0.65  1.00  0.67  0.22  0.13  0.10  0.08  0.07  0.08  0.10  0.10  0.10  0.10  0.09  0.09  0.09  0.08  0.08  0.07  0.07  0.07  0.06
11215 h=569 vz 1843 value 652 px | cap q/k/disc_fade at pulse 0.75,1,1.25: 10.57/0.29/0.40 254.90/0.27/0.40 5027.16/0.25/0.40 -> plume ring at r/v 0.076/0.071/0.067
   R  2.99  2.66  2.49  2.47  2.46  2.38  2.22  1.96  1.50  1.09  1.01  1.00  1.00  1.00  1.00  2.11  1.28  0.82  0.53  0.35  0.43  0.35  0.29  0.29  0.28  0.28  0.27  0.26  0.26  0.25  0.23  0.23  0.24  0.24  0.25  0.25
   G  1.57  1.34  1.10  0.96  0.95  0.95  1.13  1.33  1.18  0.95  0.90  0.91  0.89  0.90  0.89  1.97  1.10  0.61  0.31  0.25  0.26  0.21  0.18  0.17  0.15  0.12  0.10  0.11  0.10  0.08  0.07  0.07  0.07  0.07  0.07  0.07
   B  1.38  1.08  0.92  0.70  0.73  0.69  0.87  1.03  0.94  0.71  0.67  0.68  0.64  0.66  0.65  1.86  0.84  0.27  0.14  0.11  0.11  0.10  0.09  0.10  0.10  0.08  0.07  0.08  0.08  0.06  0.05  0.05  0.05  0.06  0.06  0.06
bins r/v from:  0.00  0.01  0.02  0.03  0.04  0.05  0.06  0.07  0.08  0.09  0.10  0.11  0.12  0.13  0.14  0.15  0.16  0.17  0.18  0.19  0.20  0.21  0.22  0.23  0.24  0.25  0.26  0.27  0.28  0.29  0.30  0.31  0.32  0.33  0.34  0.35
