## frame 11208 ev(frame-1) -1.552 exposure 0.341; display white (all channels >= 0.98) from grey 4.69; red-only pixel R saturates (display R >= 0.98) from engine R ~ see rows
# red_big3 h=0005b56c idx=225 z=2.00000 s=1.00000 value 548.1 vz 7288 facing 0.959 origin px (2495.6,703.4) value 96 px n 48 px | depth at origin 2265.5 (record units; vz 7288.3) min depth within 0.6n 2254.5 -> origin behind nearest rim by 11.1; bias 262.9 spill guard 300.0 soft 0.15v 82.2
   r_px  n_frac   px  engine_RGB(median)      display_RGB(median)  depth(median) frac_min>=1 frac_sky
      0  0.04     52   0.73  0.46  0.22  0.51 0.32 0.15    2265.4  0.00 0.00
      4  0.12    152   0.47  0.23  0.14  0.33 0.13 0.06    2265.1  0.00 0.00
      8  0.21    251   0.30  0.09  0.06  0.19 0.03 0.02    2280.2  0.02 0.00
     12  0.29    351   0.33  0.11  0.07  0.22 0.03 0.02    2403.1  0.11 0.00
     16  0.37    456   0.33  0.17  0.10  0.22 0.07 0.04    2421.4  0.06 0.00
     20  0.46    548   0.31  0.13  0.09  0.20 0.05 0.03    2424.0  0.05 0.00
     24  0.54    656   0.31  0.10  0.07  0.20 0.03 0.02    2425.9  0.03 0.00
     28  0.62    757   0.31  0.10  0.07  0.20 0.03 0.02    2427.9  0.05 0.00
     32  0.71    848   0.32  0.12  0.09  0.21 0.04 0.03    2430.0  0.07 0.00
     36  0.79    959   0.34  0.14  0.11  0.23 0.05 0.04    2432.0  0.10 0.00
     40  0.87   1057   0.36  0.16  0.14  0.24 0.07 0.05    2434.6  0.11 0.00
     44  0.96   1152   0.35  0.15  0.12  0.23 0.06 0.04    2462.1  0.08 0.00
     48  1.04   1260   0.35  0.14  0.12  0.24 0.06 0.04    2462.9  0.09 0.00
     52  1.12   1354   0.41  0.19  0.13  0.29 0.09 0.05    2463.6  0.07 0.00
     56  1.21   1461   0.48  0.19  0.16  0.34 0.10 0.07    2465.1  0.06 0.00
     60  1.29   1560   0.43  0.19  0.15  0.31 0.09 0.07    2467.3  0.07 0.00
     64  1.37   1662   0.41  0.18  0.16  0.29 0.08 0.07    2471.4  0.08 0.00
     68  1.45   1750   0.40  0.17  0.13  0.28 0.08 0.05    2474.5  0.07 0.00
     72  1.54   1869   0.37  0.17  0.12  0.25 0.08 0.04    2478.3  0.09 0.00
     76  1.62   1926   0.31  0.12  0.10  0.20 0.04 0.03    2478.3  0.08 0.00
# red_big3 h=0005b56d idx=226 z=2.00000 s=1.00000 value 548.1 vz 6740 facing 0.997 origin px (2883.0,906.8) value 104 px n 52 px | depth at origin 6740.3 (record units; vz 6739.5) min depth within 0.6n 6599.5 -> origin behind nearest rim by 140.8; bias 273.3 spill guard 300.0 soft 0.15v 82.2
   r_px  n_frac   px  engine_RGB(median)      display_RGB(median)  depth(median) frac_min>=1 frac_sky
      0  0.04     49   6.35  2.68  2.43  1.00 0.93 0.91    6740.6  1.00 0.00
      4  0.12    152   5.44  2.02  1.80  1.00 0.88 0.86    6740.3  1.00 0.00
      8  0.19    249   4.88  1.30  1.08  1.00 0.78 0.76    6740.5  0.65 0.00
     12  0.27    353   4.78  1.09  0.85  1.00 0.75 0.72    6740.2  0.25 0.00
     16  0.35    451   4.75  1.02  0.77  1.00 0.74 0.70    6740.4  0.14 0.00
     20  0.42    553   4.65  1.13  0.93  1.00 0.75 0.72    6737.7  0.42 0.00
     24  0.50    652   4.91  2.74  2.13  1.00 0.92 0.88    6702.8  1.00 0.00
     28  0.58    750   2.67  1.60  1.14  0.93 0.79 0.70    6650.0  0.75 0.00
     32  0.65    859   0.81  0.57  0.43  0.54 0.40 0.32    6628.9  0.21 0.00
     36  0.73    952   0.15  0.11  0.08  0.06 0.03 0.02    6828.8  0.03 0.00
     40  0.81   1056   0.07  0.08  0.06  0.02 0.02 0.01    6846.2  0.01 0.00
     44  0.88   1154   0.05  0.05  0.04  0.01 0.01 0.00    6837.1  0.01 0.00
     48  0.96   1258   0.04  0.02  0.02  0.00 0.00 0.00    6819.6  0.00 0.00
     52  1.04   1357   0.03  0.02  0.01  0.00 0.00 0.00    6783.3  0.00 0.00
     56  1.11   1454   0.03  0.02  0.02  0.00 0.00 0.00    6764.9  0.00 0.07
     60  1.19   1566   0.04  0.02  0.02  0.00 0.00 0.00    6735.6  0.00 0.15
     64  1.27   1656   0.04  0.03  0.02  0.00 0.00 0.00    6594.7  0.00 0.27
     68  1.34   1758   0.04  0.03  0.02  0.00 0.00 0.00    6489.4  0.00 0.35
     72  1.42   1869   0.04  0.03  0.03  0.00 0.00 0.00    6488.5  0.00 0.39
     76  1.50   1945   0.05  0.03  0.04  0.01 0.00 0.00    6490.5  0.00 0.42
     80  1.58   2066   0.05  0.03  0.05  0.01 0.00 0.01    6491.0  0.00 0.44
     84  1.65   1894   0.05  0.04  0.06  0.01 0.00 0.01    6485.7  0.00 0.49
# red_big3 h=0005b56a idx=227 z=2.00000 s=1.00000 value 548.1 vz 4609 facing 0.897 origin px (2253.5,783.5) value 152 px n 76 px | depth at origin 2639.4 (record units; vz 4609.3) min depth within 0.6n 2387.1 -> origin behind nearest rim by 252.3; bias 245.7 spill guard 300.0 soft 0.15v 82.2
   r_px  n_frac   px  engine_RGB(median)      display_RGB(median)  depth(median) frac_min>=1 frac_sky
      0  0.03     52   0.24  0.06  0.05  0.14 0.01 0.01    2639.7  0.00 0.00
      4  0.08    156   0.24  0.06  0.05  0.14 0.01 0.01    2639.7  0.00 0.00
      8  0.13    244   0.25  0.06  0.05  0.14 0.01 0.01    2638.2  0.00 0.00
     12  0.18    360   0.24  0.06  0.05  0.14 0.01 0.01    2635.0  0.00 0.00
     16  0.24    454   0.23  0.06  0.05  0.13 0.01 0.01    2631.0  0.00 0.00
     20  0.29    542   0.23  0.06  0.05  0.13 0.01 0.01    2628.2  0.00 0.00
     24  0.34    660   0.23  0.09  0.07  0.12 0.02 0.02    2600.8  0.00 0.00
     28  0.39    756   0.24  0.08  0.07  0.13 0.02 0.02    2560.8  0.00 0.00
     32  0.45    840   0.25  0.08  0.06  0.15 0.02 0.02    2542.2  0.00 0.00
     36  0.50    961   0.27  0.09  0.07  0.16 0.02 0.02    2530.9  0.00 0.00
     40  0.55   1063   0.28  0.11  0.08  0.17 0.03 0.02    2522.1  0.00 0.00
     44  0.60   1144   0.27  0.13  0.09  0.17 0.04 0.03    2515.1  0.00 0.00
     48  0.66   1266   0.27  0.14  0.09  0.17 0.05 0.02    2502.1  0.00 0.00
     52  0.71   1365   0.26  0.10  0.06  0.16 0.03 0.01    2496.0  0.00 0.00
     56  0.76   1439   0.26  0.11  0.06  0.15 0.03 0.01    2495.5  0.00 0.00
     60  0.81   1587   0.27  0.15  0.08  0.16 0.06 0.02    2497.3  0.00 0.00
     64  0.87   1645   0.27  0.16  0.09  0.16 0.07 0.03    2502.8  0.01 0.00
     68  0.92   1757   0.28  0.19  0.10  0.17 0.09 0.03    2509.6  0.04 0.00
     72  0.97   1869   0.29  0.21  0.12  0.18 0.11 0.04    2519.3  0.06 0.00
     76  1.02   1962   0.29  0.22  0.13  0.18 0.12 0.04    2535.2  0.04 0.00
     80  1.08   2050   0.28  0.13  0.07  0.17 0.04 0.02    2540.2  0.03 0.00
     84  1.13   2174   0.28  0.12  0.07  0.17 0.04 0.02    2541.5  0.04 0.00
     88  1.18   2258   0.28  0.15  0.08  0.17 0.06 0.02    2546.3  0.05 0.00
     92  1.24   2366   0.29  0.15  0.09  0.18 0.06 0.03    2550.0  0.07 0.00
     96  1.29   2457   0.29  0.12  0.08  0.18 0.04 0.02    2566.5  0.07 0.00
    100  1.34   2557   0.26  0.11  0.08  0.15 0.03 0.02    2566.6  0.07 0.00
    104  1.39   2650   0.26  0.12  0.08  0.16 0.04 0.02    2559.6  0.07 0.01
    108  1.45   2783   0.26  0.11  0.08  0.16 0.03 0.02    2556.2  0.05 0.02
    112  1.50   2851   0.26  0.10  0.07  0.15 0.03 0.02    2549.6  0.06 0.02
    116  1.55   2974   0.25  0.12  0.08  0.14 0.04 0.02    2542.1  0.04 0.03
    120  1.60   3029   0.25  0.11  0.08  0.14 0.04 0.02    2537.5  0.05 0.04
# red_big3 h=0005b56b idx=228 z=2.00000 s=1.00000 value 548.1 vz 4600 facing 0.922 origin px (2335.9,804.5) value 153 px n 76 px | depth at origin 2586.4 (record units; vz 4599.7) min depth within 0.6n 2350.5 -> origin behind nearest rim by 236.0; bias 252.8 spill guard 300.0 soft 0.15v 82.2
   r_px  n_frac   px  engine_RGB(median)      display_RGB(median)  depth(median) frac_min>=1 frac_sky
      0  0.03     50   0.05  0.03  0.02  0.01 0.00 0.00    2586.5  0.00 0.00
      4  0.08    148   0.05  0.03  0.02  0.01 0.00 0.00    2591.4  0.00 0.00
      8  0.13    255   0.22  0.07  0.05  0.12 0.02 0.01    2590.9  0.00 0.00
     12  0.18    350   0.25  0.10  0.06  0.14 0.03 0.02    2589.4  0.00 0.00
     16  0.24    452   0.25  0.11  0.08  0.15 0.03 0.02    2586.9  0.00 0.00
     20  0.29    553   0.25  0.12  0.09  0.14 0.04 0.02    2543.3  0.01 0.00
     24  0.34    657   0.26  0.12  0.09  0.15 0.04 0.02    2533.4  0.04 0.00
     28  0.39    749   0.24  0.11  0.07  0.13 0.03 0.02    2479.7  0.01 0.00
     32  0.45    864   0.27  0.13  0.09  0.16 0.05 0.02    2462.5  0.00 0.00
     36  0.50    947   0.28  0.15  0.10  0.17 0.06 0.03    2436.3  0.00 0.00
     40  0.55   1059   0.31  0.17  0.10  0.20 0.07 0.03    2465.5  0.00 0.00
     44  0.60   1156   0.40  0.21  0.12  0.28 0.11 0.04    2479.9  0.04 0.00
     48  0.66   1254   0.49  0.27  0.15  0.35 0.16 0.07    2482.6  0.02 0.00
     52  0.71   1358   0.53  0.30  0.17  0.38 0.19 0.09    2484.9  0.01 0.00
     56  0.76   1459   0.63  0.36  0.21  0.45 0.24 0.13    2486.7  0.01 0.00
     60  0.81   1556   0.58  0.32  0.20  0.41 0.20 0.12    2487.8  0.01 0.00
     64  0.87   1659   0.54  0.29  0.19  0.39 0.18 0.10    2489.6  0.05 0.00
     68  0.92   1761   0.55  0.32  0.22  0.40 0.21 0.12    2486.3  0.06 0.00
     72  0.97   1859   0.61  0.38  0.23  0.44 0.25 0.14    2484.0  0.10 0.00
     76  1.02   1958   0.61  0.38  0.24  0.43 0.26 0.15    2481.1  0.08 0.00
     80  1.08   2069   0.59  0.36  0.21  0.42 0.24 0.13    2474.3  0.07 0.00
     84  1.13   2149   0.47  0.25  0.16  0.33 0.15 0.08    2468.1  0.06 0.00
     88  1.18   2271   0.50  0.27  0.17  0.35 0.16 0.09    2460.7  0.05 0.00
     92  1.23   2364   0.42  0.24  0.15  0.30 0.13 0.06    2457.0  0.06 0.00
     96  1.29   2452   0.35  0.20  0.12  0.24 0.10 0.04    2497.0  0.05 0.00
    100  1.34   2574   0.34  0.18  0.11  0.22 0.09 0.04    2510.8  0.07 0.00
    104  1.39   2668   0.32  0.17  0.10  0.21 0.08 0.03    2513.9  0.07 0.00
    108  1.44   2750   0.30  0.15  0.10  0.19 0.06 0.03    2514.2  0.08 0.00
    112  1.49   2881   0.29  0.13  0.10  0.18 0.05 0.03    2515.1  0.11 0.00
    116  1.55   2959   0.30  0.13  0.09  0.19 0.05 0.03    2513.3  0.10 0.00
    120  1.60   3060   0.30  0.13  0.09  0.19 0.04 0.02    2511.6  0.10 0.00
# red_big3 h=0005b56f idx=229 z=2.00000 s=1.00000 value 548.1 vz 4239 facing 0.983 origin px (2727.3,1025.7) value 166 px n 83 px | depth at origin 4234.7 (record units; vz 4238.8) min depth within 0.6n 4121.5 -> origin behind nearest rim by 113.2; bias 269.3 spill guard 300.0 soft 0.15v 82.2
   r_px  n_frac   px  engine_RGB(median)      display_RGB(median)  depth(median) frac_min>=1 frac_sky
      0  0.02     50   4.48  2.06  1.85  0.99 0.87 0.85    4234.6  1.00 0.00
      4  0.07    151   4.29  1.94  1.68  0.99 0.85 0.82    4234.6  1.00 0.00
      8  0.12    252   3.84  1.59  1.35  0.99 0.80 0.77    4234.5  0.96 0.00
     12  0.17    352   3.55  1.28  1.09  0.99 0.74 0.71    4234.5  0.62 0.00
     16  0.22    453   3.48  1.08  0.80  0.99 0.70 0.64    4234.8  0.24 0.00
     20  0.27    553   3.47  1.01  0.78  0.99 0.68 0.63    4234.5  0.20 0.00
     24  0.31    653   3.46  1.00  0.80  1.00 0.68 0.63    4234.5  0.22 0.00
     28  0.36    754   5.24  2.69  2.24  1.00 0.92 0.89    4221.1  0.66 0.00
     32  0.41    857   3.27  0.84  0.39  1.00 0.63 0.52    4194.6  0.23 0.00
     36  0.46    955   2.78  0.73  0.47  0.97 0.57 0.48    4169.6  0.05 0.00
     40  0.51   1057   2.16  1.08  0.79  0.90 0.66 0.58    4180.3  0.09 0.00
     44  0.56   1156   1.55  0.82  0.73  0.79 0.55 0.51    4186.2  0.17 0.00
     48  0.60   1253   0.92  0.55  0.49  0.59 0.38 0.34    4278.7  0.06 0.00
     52  0.65   1364   0.37  0.23  0.20  0.25 0.13 0.10    4311.8  0.01 0.00
     56  0.70   1451   0.14  0.07  0.06  0.05 0.02 0.01    4290.6  0.00 0.00
     60  0.75   1565   0.09  0.04  0.03  0.02 0.00 0.00    4257.6  0.01 0.00
     64  0.80   1656   0.06  0.03  0.03  0.01 0.00 0.00    4235.4  0.03 0.00
     68  0.85   1757   0.05  0.03  0.02  0.01 0.00 0.00    4222.5  0.05 0.00
     72  0.89   1857   0.05  0.03  0.02  0.01 0.00 0.00    4207.3  0.04 0.06
     76  0.94   1960   0.06  0.03  0.05  0.01 0.00 0.01    4162.3  0.03 0.18
     80  0.99   2070   0.06  0.04  0.05  0.01 0.00 0.01    4131.2  0.04 0.22
     84  1.04   2154   0.06  0.04  0.06  0.01 0.00 0.01    4122.1  0.06 0.24
     88  1.09   2267   0.06  0.04  0.06  0.01 0.00 0.01    4116.8  0.07 0.26
     92  1.14   2360   0.06  0.03  0.05  0.01 0.00 0.01    4110.9  0.07 0.28
     96  1.18   2462   0.06  0.04  0.05  0.01 0.00 0.01    4105.2  0.06 0.29
    100  1.23   2568   0.07  0.04  0.05  0.01 0.00 0.01    4080.5  0.06 0.30
    104  1.28   2661   0.07  0.04  0.05  0.01 0.00 0.01    4062.3  0.05 0.31
    108  1.33   2770   0.07  0.04  0.05  0.01 0.00 0.01    4023.9  0.03 0.32
    112  1.38   2862   0.07  0.04  0.05  0.01 0.00 0.01    3691.6  0.02 0.33
    116  1.43   2966   0.07  0.04  0.05  0.02 0.00 0.01    3526.7  0.02 0.34
    120  1.47   3067   0.07  0.04  0.05  0.02 0.00 0.01    3382.1  0.04 0.34
    124  1.52   3163   0.07  0.04  0.05  0.02 0.00 0.01    3297.3  0.01 0.34
    128  1.57   3275   0.07  0.04  0.04  0.02 0.00 0.00    3191.9  0.00 0.33
    132  1.62   3196   0.07  0.04  0.04  0.01 0.00 0.00    2954.7  0.01 0.32
# red_big3 h=0005b56e idx=230 z=2.00000 s=1.00000 value 548.1 vz 4116 facing 0.978 origin px (2794.6,1092.4) value 170 px n 85 px | depth at origin 4114.8 (record units; vz 4116.0) min depth within 0.6n 4010.0 -> origin behind nearest rim by 104.8; bias 267.9 spill guard 300.0 soft 0.15v 82.2
   r_px  n_frac   px  engine_RGB(median)      display_RGB(median)  depth(median) frac_min>=1 frac_sky
      0  0.02     52   3.61  1.73  1.44  0.98 0.82 0.78    4115.0  1.00 0.00
      4  0.07    152   3.48  1.71  1.54  0.97 0.82 0.79    4114.9  1.00 0.00
      8  0.12    249   3.17  1.44  1.23  0.97 0.77 0.72    4114.9  0.85 0.00
     12  0.16    354   2.94  1.19  0.94  0.96 0.71 0.64    4115.0  0.42 0.00
     16  0.21    453   2.86  1.05  0.78  0.96 0.67 0.60    4114.8  0.21 0.00
     20  0.26    552   2.84  0.99  0.76  0.96 0.65 0.59    4115.0  0.12 0.00
     24  0.31    654   4.36  2.42  2.14  0.99 0.90 0.87    4107.2  0.60 0.00
     28  0.35    754   3.12  0.97  0.41  0.99 0.66 0.53    4084.7  0.33 0.00
     32  0.40    857   2.48  0.50  0.17  0.96 0.48 0.39    4062.6  0.05 0.00
     36  0.45    952   1.77  0.49  0.34  0.88 0.40 0.35    4065.3  0.06 0.00
     40  0.49   1060   1.50  0.59  0.51  0.80 0.42 0.39    4113.1  0.07 0.00
     44  0.54   1152   1.23  0.64  0.58  0.71 0.45 0.41    4164.5  0.06 0.00
     48  0.59   1262   0.91  0.52  0.46  0.59 0.37 0.33    4153.7  0.08 0.00
     52  0.63   1355   0.47  0.26  0.23  0.33 0.15 0.13    4137.3  0.03 0.00
     56  0.68   1459   0.20  0.09  0.08  0.10 0.03 0.02    4121.8  0.01 0.00
     60  0.73   1554   0.11  0.03  0.02  0.03 0.00 0.00    4101.1  0.01 0.00
     64  0.77   1665   0.08  0.03  0.02  0.02 0.00 0.00    4092.3  0.05 0.06
     68  0.82   1750   0.08  0.04  0.03  0.02 0.00 0.00    4088.6  0.04 0.13
     72  0.87   1869   0.08  0.04  0.07  0.02 0.00 0.01    4061.6  0.04 0.24
     76  0.92   1956   0.08  0.03  0.07  0.02 0.00 0.01    4027.8  0.04 0.32
     80  0.96   2066   0.07  0.04  0.07  0.02 0.00 0.01    3990.8  0.06 0.37
     84  1.01   2156   0.07  0.04  0.08  0.02 0.00 0.02    3985.7  0.07 0.42
     88  1.06   2268   0.07  0.04  0.07  0.02 0.00 0.02    3968.2  0.07 0.45
     92  1.10   2351   0.07  0.04  0.08  0.02 0.00 0.02    3953.5  0.08 0.49
     96  1.15   2474   0.07  0.04  0.08  0.02 0.00 0.02      -1.0  0.07 0.51
    100  1.20   2568   0.07  0.04  0.07  0.02 0.00 0.02      -1.0  0.06 0.54
    104  1.24   2659   0.07  0.04  0.08  0.02 0.00 0.02      -1.0  0.05 0.56
    108  1.29   2763   0.07  0.04  0.08  0.02 0.00 0.02      -1.0  0.03 0.57
    112  1.34   2871   0.07  0.04  0.08  0.02 0.00 0.02      -1.0  0.03 0.60
    116  1.38   2952   0.07  0.04  0.08  0.02 0.01 0.02      -1.0  0.03 0.61
    120  1.43   3075   0.07  0.04  0.08  0.02 0.01 0.02      -1.0  0.03 0.62
    124  1.48   3166   0.07  0.04  0.08  0.02 0.01 0.02      -1.0  0.03 0.64
    128  1.53   3268   0.07  0.04  0.08  0.02 0.01 0.02      -1.0  0.01 0.63
    132  1.57   3372   0.07  0.04  0.08  0.02 0.01 0.02      -1.0  0.01 0.63
    136  1.62   3285   0.07  0.04  0.08  0.02 0.01 0.02      -1.0  0.01 0.62
# red_big3 h=0005b566 idx=231 z=2.00000 s=1.00000 value 548.1 vz 2485 facing 0.916 origin px (2318.4,755.0) value 282 px n 141 px | depth at origin 2486.6 (record units; vz 2484.6) min depth within 0.6n 2294.9 -> origin behind nearest rim by 191.7; bias 251.1 spill guard 300.0 soft 0.15v 82.2
   r_px  n_frac   px  engine_RGB(median)      display_RGB(median)  depth(median) frac_min>=1 frac_sky
      0  0.01     50   1.00  0.93  0.78  0.61 0.58 0.51    2486.4  0.00 0.00
      4  0.04    150   1.00  0.85  0.55  0.62 0.55 0.39    2486.3  0.00 0.00
      8  0.07    253   1.00  0.93  0.78  0.61 0.58 0.52    2486.4  0.00 0.00
     12  0.10    351   1.00  0.87  0.61  0.62 0.56 0.43    2486.5  0.00 0.00
     16  0.13    446   1.00  0.90  0.70  0.62 0.57 0.47    2486.2  0.00 0.00
     20  0.16    561   1.00  0.88  0.63  0.62 0.56 0.44    2486.5  0.00 0.00
     24  0.18    646   1.00  0.86  0.65  0.62 0.55 0.45    2485.9  0.04 0.00
     28  0.21    757   0.80  0.54  0.34  0.54 0.38 0.24    2476.1  0.06 0.00
     32  0.24    854   0.30  0.16  0.07  0.19 0.07 0.02    2473.5  0.00 0.00
     36  0.27    956   0.30  0.14  0.07  0.19 0.06 0.02    2466.2  0.00 0.00
     40  0.30   1051   0.29  0.13  0.09  0.18 0.04 0.02    2456.3  0.00 0.00
     44  0.33   1164   0.28  0.10  0.07  0.17 0.03 0.02    2449.7  0.00 0.00
     48  0.35   1248   0.21  0.07  0.06  0.11 0.02 0.01    2533.0  0.00 0.00
     52  0.38   1359   0.25  0.07  0.06  0.15 0.02 0.01    2596.4  0.00 0.00
     56  0.41   1464   0.26  0.07  0.06  0.15 0.02 0.01    2597.2  0.00 0.00
     60  0.44   1553   0.26  0.07  0.06  0.16 0.02 0.01    2588.0  0.00 0.00
     64  0.47   1662   0.28  0.11  0.07  0.17 0.03 0.02    2580.0  0.00 0.00
     68  0.50   1767   0.28  0.12  0.08  0.18 0.04 0.02    2409.9  0.00 0.00
     72  0.52   1848   0.28  0.13  0.08  0.17 0.05 0.02    2414.0  0.00 0.00
     76  0.55   1966   0.28  0.14  0.09  0.17 0.05 0.03    2425.1  0.00 0.00
     80  0.58   2062   0.28  0.15  0.10  0.18 0.06 0.03    2435.4  0.00 0.00
     84  0.61   2156   0.29  0.16  0.10  0.18 0.06 0.03    2446.9  0.01 0.00
     88  0.64   2264   0.29  0.16  0.10  0.18 0.07 0.03    2458.8  0.06 0.00
     92  0.67   2365   0.30  0.16  0.10  0.19 0.07 0.03    2468.2  0.05 0.00
     96  0.69   2455   0.29  0.17  0.10  0.19 0.08 0.03    2472.3  0.03 0.00
    100  0.72   2571   0.35  0.21  0.12  0.23 0.11 0.04    2488.5  0.03 0.00
    104  0.75   2666   0.38  0.24  0.14  0.26 0.14 0.06    2506.2  0.03 0.00
    108  0.78   2751   0.43  0.24  0.15  0.30 0.13 0.07    2510.4  0.06 0.00
    112  0.81   2868   0.44  0.24  0.16  0.31 0.14 0.07    2510.7  0.08 0.00
    116  0.84   2975   0.43  0.25  0.15  0.31 0.14 0.07    2510.4  0.10 0.00
    120  0.86   3047   0.43  0.26  0.16  0.30 0.15 0.07    2507.8  0.12 0.00
    124  0.89   3189   0.43  0.26  0.16  0.30 0.15 0.08    2508.2  0.10 0.00
    128  0.92   3259   0.45  0.29  0.18  0.31 0.18 0.09    2506.8  0.07 0.00
    132  0.95   3364   0.47  0.28  0.18  0.33 0.17 0.09    2506.8  0.09 0.00
    136  0.98   3478   0.44  0.24  0.15  0.31 0.14 0.07    2507.2  0.07 0.00
    140  1.01   3573   0.33  0.19  0.12  0.21 0.09 0.05    2507.7  0.08 0.00
    144  1.03   3650   0.29  0.15  0.10  0.18 0.06 0.03    2507.0  0.08 0.00
    148  1.06   3791   0.27  0.10  0.09  0.16 0.03 0.02    2506.6  0.09 0.00
    152  1.09   3859   0.27  0.10  0.08  0.16 0.03 0.02    2507.2  0.09 0.01
    156  1.12   3965   0.30  0.10  0.08  0.19 0.03 0.02    2507.2  0.12 0.01
    160  1.15   4088   0.31  0.13  0.09  0.20 0.04 0.03    2505.9  0.12 0.01
    164  1.18   4157   0.30  0.13  0.10  0.19 0.04 0.03    2507.0  0.12 0.00
    168  1.20   4273   0.28  0.13  0.10  0.18 0.04 0.03    2506.1  0.11 0.01
    172  1.23   4383   0.28  0.11  0.09  0.17 0.03 0.03    2504.7  0.09 0.02
    176  1.26   4459   0.28  0.10  0.09  0.17 0.03 0.03    2504.6  0.07 0.03
    180  1.29   4573   0.27  0.10  0.08  0.17 0.03 0.02    2504.6  0.07 0.03
    184  1.32   4690   0.26  0.10  0.08  0.16 0.03 0.02    2501.0  0.07 0.05
    188  1.35   4769   0.26  0.10  0.08  0.15 0.03 0.02    2497.9  0.07 0.06
    192  1.37   4869   0.26  0.09  0.07  0.15 0.02 0.02    2489.0  0.07 0.12
    196  1.40   4985   0.25  0.09  0.06  0.15 0.02 0.02    2477.2  0.08 0.18
    200  1.43   5072   0.25  0.08  0.06  0.15 0.02 0.02    2471.5  0.08 0.20
    204  1.46   5180   0.25  0.08  0.06  0.15 0.02 0.01    2467.7  0.09 0.21
    208  1.49   5294   0.25  0.07  0.06  0.14 0.02 0.01    2465.1  0.09 0.22
    212  1.52   5364   0.24  0.07  0.06  0.14 0.02 0.01    2457.1  0.07 0.23
    216  1.54   5479   0.25  0.07  0.06  0.14 0.02 0.01    2442.6  0.05 0.24
    220  1.57   5595   0.25  0.07  0.06  0.14 0.02 0.01    2435.8  0.04 0.25
    224  1.60   5628   0.25  0.07  0.05  0.14 0.02 0.01    2430.5  0.04 0.25
# red_big3 h=0005b567 idx=232 z=2.00000 s=1.00000 value 548.1 vz 2432 facing 0.945 origin px (2416.9,809.8) value 288 px n 144 px | depth at origin 2434.0 (record units; vz 2432.4) min depth within 0.6n 2273.1 -> origin behind nearest rim by 160.9; bias 258.9 spill guard 300.0 soft 0.15v 82.2
   r_px  n_frac   px  engine_RGB(median)      display_RGB(median)  depth(median) frac_min>=1 frac_sky
      0  0.01     50   1.00  0.94  0.80  0.61 0.59 0.53    2434.1  0.00 0.00
      4  0.04    150   1.00  0.84  0.54  0.62 0.55 0.39    2434.1  0.00 0.00
      8  0.07    251   1.00  0.93  0.77  0.61 0.58 0.51    2434.1  0.00 0.00
     12  0.10    352   1.00  0.87  0.62  0.62 0.56 0.43    2434.1  0.00 0.00
     16  0.12    451   1.00  0.90  0.69  0.62 0.57 0.47    2434.1  0.00 0.00
     20  0.15    556   1.00  0.87  0.63  0.62 0.56 0.44    2434.1  0.00 0.00
     24  0.18    650   1.00  0.87  0.66  0.62 0.56 0.45    2433.9  0.03 0.00
     28  0.21    758   0.89  0.68  0.50  0.57 0.47 0.35    2423.1  0.11 0.00
     32  0.24    848   0.32  0.17  0.07  0.21 0.07 0.02    2408.0  0.00 0.00
     36  0.26    956   0.26  0.13  0.06  0.16 0.05 0.02    2412.1  0.00 0.00
     40  0.29   1058   0.27  0.09  0.07  0.16 0.03 0.02    2407.7  0.00 0.00
     44  0.32   1154   0.27  0.09  0.06  0.16 0.02 0.02    2479.1  0.00 0.00
     48  0.35   1258   0.25  0.08  0.06  0.14 0.02 0.02    2482.2  0.00 0.00
     52  0.37   1359   0.25  0.08  0.06  0.14 0.02 0.02    2556.2  0.00 0.00
     56  0.40   1456   0.22  0.08  0.06  0.11 0.02 0.01    2551.0  0.00 0.00
     60  0.43   1560   0.21  0.07  0.06  0.10 0.02 0.01    2540.7  0.00 0.00
     64  0.46   1656   0.21  0.07  0.06  0.11 0.02 0.01    2536.2  0.00 0.00
     68  0.49   1762   0.24  0.07  0.06  0.14 0.02 0.01    2526.8  0.00 0.00
     72  0.51   1856   0.25  0.08  0.06  0.15 0.02 0.01    2515.3  0.00 0.00
     76  0.54   1966   0.26  0.08  0.06  0.16 0.02 0.01    2491.0  0.00 0.00
     80  0.57   2056   0.28  0.09  0.06  0.17 0.02 0.02    2487.9  0.00 0.00
     84  0.60   2166   0.29  0.12  0.08  0.18 0.04 0.02    2487.2  0.02 0.00
     88  0.62   2260   0.31  0.14  0.08  0.20 0.06 0.03    2485.1  0.01 0.00
     92  0.65   2363   0.31  0.14  0.09  0.20 0.06 0.03    2484.7  0.03 0.00
     96  0.68   2460   0.30  0.14  0.10  0.19 0.05 0.03    2486.7  0.01 0.00
    100  0.71   2570   0.29  0.16  0.10  0.18 0.07 0.03    2489.1  0.04 0.00
    104  0.74   2652   0.30  0.17  0.12  0.19 0.07 0.04    2484.2  0.06 0.00
    108  0.76   2774   0.31  0.17  0.12  0.20 0.08 0.04    2483.3  0.07 0.00
    112  0.79   2858   0.33  0.17  0.11  0.22 0.07 0.04    2474.8  0.07 0.00
    116  0.82   2964   0.38  0.18  0.11  0.26 0.08 0.04    2469.7  0.07 0.00
    120  0.85   3071   0.40  0.18  0.12  0.28 0.08 0.05    2461.2  0.08 0.00
    124  0.87   3167   0.41  0.19  0.14  0.28 0.09 0.06    2458.0  0.06 0.00
    128  0.90   3259   0.41  0.19  0.13  0.29 0.09 0.05    2455.6  0.07 0.00
    132  0.93   3383   0.40  0.19  0.12  0.28 0.10 0.04    2454.7  0.06 0.00
    136  0.96   3456   0.33  0.16  0.10  0.22 0.07 0.03    2453.2  0.08 0.00
    140  0.98   3573   0.32  0.14  0.08  0.21 0.05 0.02    2456.7  0.08 0.00
    144  1.01   3670   0.30  0.12  0.07  0.19 0.04 0.02    2462.5  0.08 0.00
    148  1.04   3765   0.28  0.11  0.07  0.18 0.04 0.02    2463.9  0.09 0.00
    152  1.07   3874   0.29  0.13  0.08  0.18 0.04 0.02    2464.2  0.09 0.00
    156  1.10   3979   0.28  0.12  0.08  0.17 0.04 0.02    2468.4  0.09 0.00
    160  1.12   4066   0.27  0.11  0.07  0.17 0.03 0.02    2477.1  0.10 0.00
    164  1.15   4166   0.28  0.12  0.07  0.17 0.04 0.02    2495.0  0.09 0.00
    168  1.18   4282   0.28  0.12  0.07  0.18 0.04 0.02    2499.2  0.09 0.00
    172  1.21   4364   0.27  0.12  0.07  0.16 0.04 0.02    2501.4  0.08 0.00
    176  1.23   4473   0.26  0.13  0.07  0.16 0.05 0.02    2502.9  0.09 0.00
    180  1.26   4583   0.25  0.12  0.07  0.15 0.04 0.02    2504.8  0.09 0.00
    184  1.29   4664   0.25  0.13  0.08  0.14 0.04 0.02    2507.9  0.08 0.00
    188  1.32   4784   0.24  0.12  0.08  0.14 0.04 0.02    2510.1  0.09 0.00
    192  1.35   4879   0.26  0.11  0.08  0.16 0.03 0.02    2512.0  0.09 0.00
    196  1.37   4968   0.27  0.11  0.08  0.17 0.03 0.02    2512.6  0.09 0.00
    200  1.40   5082   0.27  0.10  0.07  0.17 0.03 0.02    2514.2  0.10 0.00
    204  1.43   5180   0.27  0.09  0.07  0.17 0.02 0.02    2515.5  0.09 0.00
    208  1.46   5269   0.24  0.09  0.06  0.14 0.02 0.02    2515.2  0.08 0.00
    212  1.48   5386   0.24  0.08  0.06  0.14 0.02 0.01    2514.3  0.08 0.00
    216  1.51   5480   0.24  0.08  0.06  0.14 0.02 0.02    2511.7  0.08 0.00
    220  1.54   5572   0.24  0.08  0.06  0.13 0.02 0.01    2509.1  0.08 0.00
    224  1.57   5689   0.23  0.09  0.06  0.13 0.02 0.02    2506.5  0.08 0.00
    228  1.59   5779   0.23  0.09  0.06  0.13 0.02 0.02    2504.2  0.07 0.00
# red_huge h=0005b569 idx=233 z=2.00000 s=1.00000 value 939.2 vz 2521 facing 0.912 origin px (2307.5,918.4) value 477 px n 238 px | depth at origin 2520.3 (record units; vz 2520.8) min depth within 0.6n 2299.1 -> origin behind nearest rim by 221.2; bias 428.1 spill guard 300.0 soft 0.15v 140.9
   r_px  n_frac   px  engine_RGB(median)      display_RGB(median)  depth(median) frac_min>=1 frac_sky
      0  0.01     52   3.03  1.61  1.45  0.95 0.79 0.76    2520.5  1.00 0.00
      4  0.03    152   2.88  1.48  1.18  0.95 0.77 0.71    2520.5  1.00 0.00
      8  0.04    250   2.65  1.36  1.20  0.93 0.74 0.70    2520.5  0.74 0.00
     12  0.06    352   2.52  1.14  0.89  0.93 0.68 0.61    2520.5  0.35 0.00
     16  0.08    454   2.48  1.04  0.80  0.93 0.65 0.58    2520.5  0.23 0.00
     20  0.09    550   2.47  0.97  0.75  0.93 0.63 0.56    2520.5  0.09 0.00
     24  0.11    656   2.47  0.94  0.69  0.94 0.62 0.54    2520.5  0.01 0.00
     28  0.13    755   2.46  0.93  0.67  0.94 0.62 0.53    2520.5  0.01 0.00
     32  0.14    849   2.42  0.93  0.68  0.93 0.62 0.53    2520.6  0.03 0.00
     36  0.16    959   2.32  1.01  0.75  0.92 0.64 0.55    2520.4  0.11 0.00
     40  0.18   1057   2.17  1.17  0.92  0.89 0.68 0.61    2520.4  0.41 0.00
     44  0.19   1150   2.04  1.34  1.04  0.87 0.73 0.64    2520.6  0.58 0.00
     48  0.21   1261   1.88  1.37  1.12  0.84 0.73 0.66    2520.5  0.67 0.00
     52  0.23   1357   1.56  1.19  0.92  0.78 0.68 0.59    2520.5  0.40 0.00
     56  0.24   1460   1.23  1.01  0.75  0.70 0.62 0.51    2520.6  0.10 0.00
     60  0.26   1558   1.06  0.93  0.72  0.64 0.59 0.49    2520.5  0.01 0.00
     64  0.28   1663   1.02  0.88  0.62  0.63 0.56 0.44    2520.5  0.15 0.00
     68  0.29   1750   1.02  0.95  0.86  0.63 0.59 0.55    2519.3  0.44 0.00
     72  0.31   1872   1.69  1.49  1.35  0.80 0.76 0.73    2509.4  0.58 0.00
     76  0.33   1959   1.10  0.94  0.70  0.66 0.59 0.48    2494.1  0.43 0.00
     80  0.34   2051   0.68  0.46  0.23  0.48 0.32 0.16    2494.0  0.28 0.00
     84  0.36   2172   0.59  0.36  0.14  0.42 0.24 0.11    2493.4  0.09 0.00
     88  0.38   2251   0.46  0.26  0.10  0.33 0.16 0.06    2486.9  0.01 0.00
     92  0.39   2364   0.38  0.24  0.10  0.25 0.14 0.06    2483.4  0.00 0.00
     96  0.41   2474   0.32  0.20  0.09  0.21 0.10 0.04    2476.5  0.00 0.00
    100  0.43   2546   0.31  0.21  0.10  0.20 0.11 0.05    2468.7  0.00 0.00
    104  0.44   2676   0.32  0.22  0.12  0.20 0.12 0.06    2459.3  0.00 0.00
    108  0.46   2766   0.32  0.19  0.13  0.20 0.09 0.05    2447.3  0.00 0.00
    112  0.48   2853   0.29  0.15  0.11  0.18 0.06 0.04    2436.5  0.00 0.00
    116  0.49   2976   0.28  0.13  0.09  0.17 0.05 0.03    2425.9  0.00 0.00
    120  0.51   3061   0.26  0.09  0.07  0.15 0.03 0.02    2421.7  0.00 0.00
    124  0.53   3167   0.25  0.09  0.07  0.14 0.03 0.02    2419.0  0.00 0.00
    128  0.55   3271   0.24  0.08  0.06  0.14 0.02 0.01    2419.6  0.01 0.00
    132  0.56   3381   0.23  0.07  0.05  0.12 0.02 0.01    2427.4  0.01 0.00
    136  0.58   3453   0.22  0.07  0.05  0.12 0.02 0.01    2452.4  0.01 0.00
    140  0.60   3577   0.23  0.06  0.05  0.13 0.01 0.01    2471.8  0.00 0.00
    144  0.61   3674   0.23  0.06  0.05  0.13 0.01 0.01    2479.5  0.00 0.00
    148  0.63   3757   0.24  0.07  0.05  0.13 0.02 0.01    2476.7  0.00 0.00
    152  0.65   3875   0.23  0.07  0.05  0.13 0.02 0.01    2475.2  0.00 0.00
    156  0.66   3984   0.22  0.07  0.05  0.12 0.02 0.01    2475.1  0.00 0.00
    160  0.68   4053   0.22  0.07  0.05  0.12 0.02 0.01    2474.4  0.00 0.00
    164  0.70   4178   0.22  0.07  0.05  0.12 0.02 0.01    2473.9  0.00 0.00
    168  0.71   4277   0.21  0.07  0.05  0.11 0.02 0.01    2478.2  0.00 0.00
    172  0.73   4355   0.20  0.07  0.05  0.10 0.02 0.01    2488.5  0.00 0.00
    176  0.75   4491   0.20  0.07  0.05  0.09 0.02 0.01    2496.5  0.00 0.02
    180  0.76   4580   0.19  0.06  0.05  0.09 0.01 0.01    2493.6  0.01 0.06
    184  0.78   4650   0.18  0.06  0.05  0.09 0.01 0.01    2488.1  0.00 0.09
    188  0.80   4789   0.17  0.06  0.05  0.08 0.01 0.01    2491.2  0.00 0.10
    192  0.81   4873   0.17  0.06  0.05  0.07 0.01 0.01    2499.8  0.00 0.11
    196  0.83   4963   0.17  0.06  0.05  0.07 0.01 0.01    2508.8  0.00 0.11
    200  0.85   5098   0.18  0.06  0.05  0.08 0.01 0.01    2514.8  0.00 0.12
    204  0.86   5171   0.17  0.06  0.05  0.08 0.01 0.01    2519.0  0.00 0.12
    208  0.88   5277   0.16  0.06  0.05  0.07 0.01 0.01    2522.7  0.00 0.12
    212  0.90   5389   0.16  0.06  0.05  0.06 0.01 0.01    2524.0  0.00 0.13
    216  0.91   5478   0.14  0.06  0.05  0.05 0.01 0.01    2523.9  0.00 0.14
    220  0.93   5574   0.14  0.06  0.05  0.05 0.01 0.01    2525.5  0.00 0.14
    224  0.95   5690   0.14  0.06  0.05  0.05 0.01 0.01    2517.9  0.01 0.15
    228  0.96   5773   0.15  0.06  0.05  0.06 0.01 0.01    2516.5  0.01 0.15
    232  0.98   5869   0.18  0.07  0.05  0.08 0.01 0.01    2519.4  0.01 0.16
    236  1.00   6003   0.18  0.07  0.05  0.08 0.01 0.01    2511.7  0.01 0.17
    240  1.01   6057   0.19  0.07  0.05  0.09 0.02 0.01    2505.6  0.00 0.18
    244  1.03   6185   0.18  0.07  0.06  0.08 0.02 0.01    2516.0  0.01 0.19
    248  1.05   6301   0.16  0.07  0.05  0.07 0.01 0.01    2505.2  0.01 0.20
    252  1.07   6375   0.13  0.06  0.05  0.05 0.01 0.01    2515.8  0.02 0.21
    256  1.08   6484   0.13  0.06  0.05  0.05 0.01 0.01    2524.6  0.02 0.21
    260  1.10   6584   0.13  0.06  0.04  0.04 0.01 0.01    2509.5  0.03 0.23
    264  1.12   6673   0.12  0.06  0.04  0.04 0.01 0.01    2480.5  0.03 0.24
    268  1.13   6790   0.12  0.05  0.04  0.04 0.01 0.01    2474.7  0.02 0.25
    272  1.15   6904   0.11  0.05  0.04  0.03 0.01 0.01    2472.5  0.02 0.25
    276  1.17   6974   0.10  0.05  0.04  0.03 0.01 0.01    2470.3  0.02 0.25
    280  1.18   7101   0.09  0.05  0.04  0.02 0.01 0.00    2466.7  0.02 0.25
    284  1.20   7193   0.08  0.04  0.03  0.02 0.01 0.00    2455.3  0.02 0.26
    288  1.22   7270   0.07  0.04  0.03  0.02 0.01 0.00    2448.6  0.02 0.27
    292  1.23   7406   0.06  0.04  0.03  0.01 0.01 0.00    2440.6  0.03 0.28
    296  1.25   7495   0.06  0.04  0.03  0.01 0.01 0.00    2436.6  0.03 0.30
    300  1.27   7566   0.05  0.04  0.03  0.01 0.00 0.00    2429.3  0.03 0.33
    304  1.28   7706   0.05  0.03  0.03  0.01 0.00 0.00    2422.7  0.03 0.34
    308  1.30   7788   0.05  0.03  0.03  0.01 0.00 0.00    2419.7  0.02 0.36
    312  1.32   7878   0.05  0.02  0.03  0.01 0.00 0.00    2409.4  0.03 0.38
    316  1.33   8002   0.05  0.02  0.03  0.01 0.00 0.00    2391.3  0.02 0.39
    320  1.35   8095   0.05  0.02  0.03  0.01 0.00 0.00    2372.5  0.02 0.40
    324  1.37   8177   0.05  0.02  0.03  0.01 0.00 0.00    2368.8  0.02 0.40
    328  1.38   8306   0.05  0.02  0.03  0.01 0.00 0.00    2355.3  0.01 0.40
    332  1.40   8404   0.05  0.02  0.03  0.01 0.00 0.00    2348.4  0.02 0.41
    336  1.42   8465   0.05  0.02  0.03  0.01 0.00 0.00    2341.4  0.02 0.41
    340  1.43   8618   0.05  0.02  0.03  0.01 0.00 0.00    2334.2  0.02 0.41
    344  1.45   8695   0.05  0.02  0.03  0.01 0.00 0.00    2331.1  0.03 0.41
    348  1.47   8781   0.05  0.02  0.03  0.01 0.00 0.00    2343.8  0.02 0.40
    352  1.48   8930   0.05  0.02  0.03  0.01 0.00 0.00    2338.1  0.02 0.40
    356  1.50   8986   0.05  0.02  0.03  0.01 0.00 0.00    2341.0  0.01 0.41
    360  1.52   9086   0.05  0.02  0.03  0.01 0.00 0.00    2320.3  0.00 0.42
    364  1.53   9223   0.05  0.02  0.03  0.01 0.00 0.00    2303.5  0.00 0.42
    368  1.55   9277   0.05  0.02  0.03  0.01 0.00 0.00    2259.9  0.00 0.43
    372  1.57   9395   0.05  0.02  0.03  0.01 0.00 0.00     167.6  0.00 0.44
    376  1.59   9522   0.05  0.02  0.03  0.01 0.00 0.00     152.1  0.01 0.45
    380  1.60   9504   0.05  0.02  0.03  0.01 0.00 0.00     139.9  0.00 0.46
# red_huge h=0005b568 idx=234 z=2.00000 s=1.00000 value 939.2 vz 2450 facing 0.941 origin px (2437.2,642.5) value 491 px n 245 px | depth at origin 2448.8 (record units; vz 2450.3) min depth within 0.6n 2254.2 -> origin behind nearest rim by 194.6; bias 441.9 spill guard 300.0 soft 0.15v 140.9
   r_px  n_frac   px  engine_RGB(median)      display_RGB(median)  depth(median) frac_min>=1 frac_sky
      0  0.01     50   3.09  1.64  1.49  0.95 0.80 0.77    2448.7  1.00 0.00
      4  0.02    150   2.95  1.50  1.19  0.95 0.77 0.71    2448.8  1.00 0.00
      8  0.04    253   2.71  1.37  1.21  0.94 0.74 0.71    2448.8  0.81 0.00
     12  0.06    352   2.57  1.14  0.89  0.94 0.68 0.61    2448.5  0.33 0.00
     16  0.07    452   2.51  1.03  0.81  0.94 0.65 0.58    2448.9  0.20 0.00
     20  0.09    556   2.49  0.97  0.75  0.94 0.63 0.56    2448.7  0.09 0.00
     24  0.11    651   2.49  0.94  0.69  0.94 0.62 0.54    2448.6  0.00 0.00
     28  0.12    757   2.48  0.93  0.67  0.94 0.62 0.54    2448.9  0.01 0.00
     32  0.14    855   2.43  0.94  0.69  0.93 0.62 0.54    2448.7  0.03 0.00
     36  0.15    957   2.34  1.04  0.78  0.92 0.65 0.56    2448.7  0.18 0.00
     40  0.17   1049   2.23  1.22  0.96  0.90 0.70 0.62    2448.9  0.45 0.00
     44  0.19   1163   2.07  1.36  1.08  0.87 0.73 0.65    2448.6  0.61 0.00
     48  0.20   1255   1.76  1.29  1.01  0.82 0.71 0.63    2448.5  0.52 0.00
     52  0.22   1355   1.41  1.11  0.89  0.74 0.66 0.57    2449.0  0.35 0.00
     56  0.24   1461   1.13  0.94  0.67  0.67 0.59 0.47    2448.7  0.04 0.00
     60  0.25   1556   1.04  0.92  0.70  0.63 0.58 0.48    2448.5  0.01 0.00
     64  0.27   1653   1.01  0.88  0.63  0.62 0.57 0.44    2449.0  0.00 0.00
     68  0.29   1765   1.00  0.91  0.74  0.62 0.57 0.50    2448.5  0.25 0.00
     72  0.30   1859   1.18  1.03  0.99  0.68 0.62 0.61    2443.7  0.45 0.00
     76  0.32   1956   1.12  0.89  0.74  0.66 0.57 0.50    2430.6  0.11 0.00
     80  0.33   2061   0.93  0.66  0.41  0.60 0.45 0.30    2409.5  0.01 0.00
     84  0.35   2170   0.66  0.36  0.19  0.47 0.24 0.12    2390.2  0.00 0.00
     88  0.37   2256   0.47  0.21  0.09  0.34 0.12 0.04    2381.6  0.00 0.00
     92  0.38   2364   0.41  0.17  0.07  0.29 0.08 0.03    2395.3  0.00 0.00
     96  0.40   2468   0.36  0.14  0.07  0.25 0.06 0.02    2398.2  0.00 0.00
    100  0.42   2563   0.39  0.15  0.07  0.28 0.07 0.03    2395.8  0.00 0.00
    104  0.43   2663   0.40  0.16  0.09  0.28 0.07 0.03    2388.2  0.00 0.00
    108  0.45   2766   0.36  0.15  0.10  0.25 0.06 0.03    2381.2  0.00 0.00
    112  0.46   2864   0.31  0.11  0.09  0.20 0.03 0.03    2378.7  0.00 0.00
    116  0.48   2970   0.30  0.11  0.10  0.19 0.03 0.03    2462.8  0.00 0.00
    120  0.50   3062   0.30  0.11  0.10  0.19 0.03 0.03    2466.1  0.00 0.00
    124  0.51   3175   0.28  0.10  0.09  0.18 0.03 0.03    2474.0  0.00 0.00
    128  0.53   3260   0.27  0.10  0.08  0.16 0.03 0.02    2481.9  0.00 0.00
    132  0.55   3364   0.26  0.10  0.09  0.15 0.03 0.02    2497.9  0.00 0.00
    136  0.56   3467   0.26  0.10  0.09  0.16 0.03 0.02    2511.8  0.01 0.00
    140  0.58   3564   0.26  0.10  0.09  0.16 0.03 0.02    2534.3  0.01 0.00
    144  0.60   3668   0.26  0.09  0.09  0.15 0.03 0.02    2531.9  0.00 0.00
    148  0.61   3775   0.25  0.09  0.08  0.14 0.02 0.02    2527.9  0.00 0.00
    152  0.63   3871   0.25  0.09  0.07  0.14 0.02 0.02    2507.2  0.00 0.00
    156  0.64   3971   0.26  0.09  0.07  0.15 0.02 0.02    2500.8  0.00 0.00
    160  0.66   4079   0.26  0.09  0.07  0.15 0.02 0.02    2495.7  0.00 0.00
    164  0.68   4165   0.26  0.08  0.06  0.15 0.02 0.01    2491.5  0.00 0.00
    168  0.69   4277   0.26  0.08  0.06  0.15 0.02 0.01    2492.1  0.00 0.00
    172  0.71   4377   0.24  0.08  0.06  0.14 0.02 0.01    2489.9  0.00 0.00
    176  0.73   4473   0.24  0.07  0.06  0.13 0.02 0.01    2486.0  0.00 0.00
    180  0.74   4572   0.22  0.07  0.05  0.12 0.02 0.01    2483.3  0.00 0.00
    184  0.76   4685   0.21  0.07  0.05  0.11 0.02 0.01    2479.5  0.00 0.00
    188  0.77   4767   0.20  0.07  0.05  0.10 0.02 0.01    2477.6  0.00 0.00
    192  0.79   4871   0.20  0.07  0.05  0.10 0.02 0.01    2477.6  0.00 0.00
    196  0.81   4986   0.21  0.07  0.05  0.10 0.02 0.01    2479.7  0.00 0.00
    200  0.82   5071   0.21  0.07  0.05  0.11 0.02 0.01    2507.3  0.00 0.00
    204  0.84   5168   0.21  0.07  0.05  0.11 0.02 0.01    2579.8  0.00 0.00
    208  0.86   5287   0.19  0.06  0.05  0.09 0.01 0.01    2574.8  0.00 0.04
    212  0.87   5366   0.16  0.06  0.05  0.07 0.01 0.01    2487.5  0.00 0.13
    216  0.89   5481   0.15  0.06  0.05  0.06 0.01 0.01    2498.5  0.00 0.16
    220  0.90   5578   0.12  0.06  0.04  0.04 0.01 0.01    2477.1  0.00 0.19
    224  0.92   5686   0.09  0.05  0.04  0.03 0.01 0.01    2481.5  0.00 0.21
    228  0.94   5786   0.09  0.05  0.04  0.02 0.01 0.01    2486.1  0.00 0.23
    232  0.95   5874   0.07  0.05  0.04  0.01 0.01 0.00    2488.5  0.01 0.30
    236  0.97   5984   0.06  0.05  0.04  0.01 0.01 0.00    2492.4  0.01 0.34
    240  0.99   6081   0.05  0.04  0.03  0.01 0.01 0.00    2489.7  0.00 0.38
    244  1.00   6196   0.05  0.04  0.03  0.01 0.00 0.00    2489.6  0.00 0.40
    248  1.02   6276   0.05  0.04  0.03  0.01 0.00 0.00    2492.0  0.00 0.41
    252  1.04   6392   0.04  0.04  0.03  0.01 0.00 0.00    2494.4  0.02 0.41
    256  1.05   6487   0.04  0.03  0.02  0.00 0.00 0.00    2497.2  0.03 0.41
    260  1.07   6576   0.04  0.03  0.02  0.00 0.00 0.00    2485.6  0.02 0.42
    264  1.08   6690   0.04  0.03  0.02  0.00 0.00 0.00    2488.7  0.03 0.42
    268  1.10   6770   0.04  0.02  0.02  0.00 0.00 0.00    2483.1  0.02 0.42
    272  1.12   6891   0.04  0.02  0.02  0.00 0.00 0.00    2479.3  0.02 0.43
    276  1.13   6991   0.03  0.02  0.02  0.00 0.00 0.00    2471.9  0.02 0.43
    280  1.15   7079   0.04  0.03  0.02  0.00 0.00 0.00    2462.6  0.02 0.44
    284  1.17   7182   0.04  0.03  0.02  0.00 0.00 0.00    2453.1  0.02 0.44
    288  1.18   7303   0.04  0.03  0.02  0.00 0.00 0.00    2446.5  0.01 0.44
    292  1.20   7372   0.04  0.03  0.02  0.00 0.00 0.00    2440.1  0.03 0.45
    296  1.21   7497   0.03  0.03  0.02  0.00 0.00 0.00    2429.3  0.03 0.45
    300  1.23   7600   0.03  0.03  0.02  0.00 0.00 0.00    2418.4  0.03 0.46
    304  1.25   7684   0.03  0.03  0.02  0.00 0.00 0.00    2411.8  0.04 0.46
    308  1.26   7783   0.03  0.03  0.02  0.00 0.00 0.00    2408.3  0.03 0.47
    312  1.28   7916   0.03  0.03  0.02  0.00 0.00 0.00    2386.4  0.03 0.47
    316  1.30   7985   0.03  0.02  0.02  0.00 0.00 0.00    2378.9  0.02 0.48
    320  1.31   8085   0.03  0.02  0.01  0.00 0.00 0.00    2367.0  0.02 0.48
    324  1.33   8214   0.03  0.02  0.01  0.00 0.00 0.00    2362.0  0.02 0.49
    328  1.35   8288   0.02  0.01  0.01  0.00 0.00 0.00    2325.4  0.02 0.50
    332  1.36   8388   0.01  0.00  0.00  0.00 0.00 0.00      -1.0  0.03 0.50
    336  1.38   8500   0.00  0.00  0.00  0.00 0.00 0.00      -1.0  0.03 0.51
    340  1.39   8587   0.00  0.00  0.00  0.00 0.00 0.00      -1.0  0.03 0.52
    344  1.41   8693   0.00  0.00  0.00  0.00 0.00 0.00      -1.0  0.04 0.53
    348  1.43   8792   0.00  0.00  0.00  0.00 0.00 0.00      -1.0  0.03 0.54
    352  1.44   8901   0.00  0.00  0.00  0.00 0.00 0.00      -1.0  0.03 0.54
    356  1.46   8996   0.00  0.00  0.00  0.00 0.00 0.00      -1.0  0.02 0.55
    360  1.48   9098   0.00  0.00  0.00  0.00 0.00 0.00      -1.0  0.02 0.55
    364  1.49   9194   0.00  0.00  0.00  0.00 0.00 0.00      -1.0  0.02 0.55
    368  1.51   9303   0.00  0.00  0.00  0.00 0.00 0.00      -1.0  0.03 0.56
    372  1.52   9394   0.00  0.00  0.00  0.00 0.00 0.00      -1.0  0.03 0.56
    376  1.54   9513   0.00  0.00  0.00  0.00 0.00 0.00      -1.0  0.04 0.56
    380  1.56   9601   0.00  0.00  0.00  0.00 0.00 0.00      -1.0  0.03 0.56
    384  1.57   9703   0.00  0.00  0.00  0.00 0.00 0.00      -1.0  0.02 0.57
    388  1.59   9801   0.00  0.00  0.00  0.00 0.00 0.00      -1.0  0.01 0.58
    392  1.61   9628   0.00  0.00  0.00  0.00 0.00 0.00      -1.0  0.00 0.59
