6044 h=568 vz 4441 value 271 px | cap q/k/disc_fade at pulse 0.75,1,1.25: 1.60/0.70/0.40 1.86/0.66/0.40 2.22/0.62/0.40 -> plume ring at r/v 0.185/0.173/0.163
   R  3.11  3.07  2.95  2.80  2.67  2.58  2.53  2.51  2.50  2.49  2.49  2.48  2.46  2.42  2.33  2.21  2.00  1.45  1.18  0.91  0.79  0.58  0.42  0.33  0.32  0.30  0.30  0.32  0.33  0.32  0.32  0.31  0.31  0.29  0.26  0.26
   G  1.60  1.56  1.53  1.40  1.26  1.12  1.05  0.99  0.98  0.95  0.95  0.94  0.94  0.96  0.99  1.13  1.09  0.76  0.65  0.50  0.40  0.26  0.16  0.12  0.13  0.13  0.13  0.13  0.13  0.12  0.11  0.11  0.10  0.10  0.09  0.08
   B  1.39  1.32  1.37  1.13  1.06  0.86  0.81  0.73  0.76  0.70  0.72  0.69  0.70  0.71  0.70  1.05  0.88  0.56  0.50  0.41  0.30  0.20  0.13  0.10  0.10  0.10  0.09  0.11  0.11  0.11  0.10  0.10  0.09  0.09  0.07  0.06
6044 h=569 vz 4270 value 282 px | cap q/k/disc_fade at pulse 0.75,1,1.25: 1.70/0.67/0.40 1.99/0.63/0.40 2.41/0.59/0.40 -> plume ring at r/v 0.178/0.167/0.157
   R  3.07  3.02  2.89  2.75  2.62  2.54  2.51  2.49  2.48  2.48  2.48  2.46  2.42  2.36  2.30  2.77  2.24  1.82  1.32  0.91  0.62  0.38  0.30  0.27  0.24  0.23  0.23  0.23  0.23  0.22  0.20  0.21  0.21  0.23  0.23  0.20
   G  1.60  1.54  1.52  1.37  1.23  1.11  1.04  0.97  0.98  0.95  0.94  0.93  0.93  0.97  1.05  1.75  1.32  1.06  0.73  0.50  0.34  0.22  0.12  0.08  0.07  0.06  0.06  0.06  0.06  0.06  0.05  0.06  0.06  0.07  0.07  0.07
   B  1.41  1.28  1.35  1.10  1.02  0.84  0.81  0.71  0.76  0.69  0.70  0.69  0.69  0.73  0.80  1.56  1.12  0.75  0.51  0.37  0.26  0.16  0.10  0.07  0.06  0.05  0.05  0.05  0.05  0.05  0.04  0.05  0.05  0.05  0.06  0.05
6045 h=568 vz 4588 value 262 px | cap q/k/disc_fade at pulse 0.75,1,1.25: 1.54/0.72/0.40 1.77/0.68/0.40 2.10/0.64/0.40 -> plume ring at r/v 0.191/0.179/0.168
   R  3.12  3.07  2.97  2.82  2.69  2.59  2.54  2.51  2.50  2.49  2.49  2.49  2.48  2.45  2.38  2.33  2.03  1.62  1.33  1.07  0.95  0.73  0.52  0.38  0.33  0.31  0.30  0.32  0.33  0.32  0.32  0.32  0.31  0.29  0.26  0.26
   G  1.59  1.56  1.54  1.41  1.28  1.14  1.07  1.00  0.98  0.96  0.96  0.94  0.94  0.95  0.96  1.09  1.06  0.82  0.69  0.56  0.49  0.35  0.23  0.15  0.13  0.14  0.13  0.13  0.13  0.12  0.11  0.11  0.11  0.10  0.09  0.08
   B  1.32  1.30  1.37  1.12  1.07  0.87  0.82  0.74  0.76  0.72  0.73  0.69  0.70  0.69  0.71  1.01  0.83  0.58  0.54  0.46  0.39  0.27  0.19  0.13  0.10  0.10  0.09  0.11  0.11  0.11  0.10  0.10  0.09  0.09  0.07  0.06
6045 h=569 vz 4423 value 272 px | cap q/k/disc_fade at pulse 0.75,1,1.25: 1.62/0.70/0.40 1.88/0.65/0.40 2.25/0.61/0.40 -> plume ring at r/v 0.184/0.173/0.162
   R  3.08  3.03  2.90  2.76  2.63  2.56  2.51  2.49  2.48  2.48  2.48  2.47  2.45  2.40  2.35  2.84  2.28  1.86  1.46  1.08  0.79  0.53  0.36  0.29  0.25  0.24  0.23  0.23  0.23  0.22  0.20  0.21  0.22  0.23  0.23  0.20
   G  1.57  1.55  1.52  1.38  1.25  1.13  1.05  0.99  0.98  0.96  0.95  0.93  0.94  0.95  1.00  1.67  1.28  1.00  0.75  0.59  0.43  0.30  0.18  0.11  0.07  0.07  0.06  0.06  0.06  0.06  0.05  0.06  0.06  0.07  0.07  0.07
   B  1.29  1.29  1.34  1.12  1.04  0.88  0.79  0.74  0.76  0.73  0.73  0.69  0.70  0.72  0.79  1.52  1.05  0.71  0.55  0.45  0.35  0.24  0.15  0.09  0.06  0.05  0.05  0.05  0.05  0.05  0.04  0.05  0.05  0.05  0.06  0.05
6046 h=568 vz 4734 value 254 px | cap q/k/disc_fade at pulse 0.75,1,1.25: 1.47/0.75/0.40 1.69/0.70/0.40 1.99/0.65/0.40 -> plume ring at r/v 0.197/0.184/0.173
   R  3.11  3.07  2.97  2.83  2.69  2.60  2.54  2.51  2.50  2.49  2.49  2.49  2.48  2.46  2.40  2.39  2.13  1.71  1.45  1.22  1.10  0.83  0.59  0.42  0.35  0.33  0.32  0.34  0.34  0.33  0.33  0.32  0.32  0.30  0.26  0.27
   G  1.62  1.56  1.56  1.42  1.30  1.16  1.08  1.01  0.99  0.95  0.95  0.94  0.94  0.94  0.93  1.00  0.97  0.79  0.70  0.60  0.56  0.41  0.27  0.19  0.16  0.14  0.13  0.13  0.13  0.12  0.12  0.11  0.11  0.10  0.09  0.08
   B  1.44  1.29  1.39  1.17  1.10  0.89  0.84  0.75  0.77  0.71  0.72  0.69  0.72  0.69  0.65  0.93  0.73  0.56  0.55  0.50  0.44  0.33  0.22  0.15  0.12  0.10  0.10  0.11  0.12  0.11  0.11  0.10  0.10  0.09  0.07  0.07
6046 h=569 vz 4577 value 263 px | cap q/k/disc_fade at pulse 0.75,1,1.25: 1.54/0.72/0.40 1.79/0.67/0.40 2.12/0.63/0.40 -> plume ring at r/v 0.191/0.178/0.167
   R  3.08  3.02  2.91  2.77  2.64  2.55  2.51  2.49  2.48  2.48  2.48  2.47  2.45  2.42  2.40  2.80  2.32  1.94  1.56  1.24  0.97  0.64  0.44  0.32  0.26  0.25  0.24  0.23  0.23  0.22  0.20  0.21  0.23  0.23  0.23  0.20
   G  1.58  1.55  1.53  1.40  1.28  1.14  1.07  1.00  0.99  0.96  0.96  0.94  0.94  0.94  0.98  1.50  1.17  0.98  0.77  0.64  0.53  0.37  0.23  0.13  0.08  0.07  0.06  0.06  0.06  0.06  0.06  0.06  0.06  0.07  0.07  0.07
   B  1.37  1.28  1.36  1.13  1.09  0.88  0.82  0.75  0.77  0.72  0.72  0.70  0.70  0.70  0.77  1.35  0.99  0.71  0.56  0.50  0.42  0.32  0.20  0.11  0.07  0.06  0.05  0.05  0.05  0.05  0.04  0.05  0.05  0.05  0.06  0.05
6047 h=568 vz 4878 value 246 px | cap q/k/disc_fade at pulse 0.75,1,1.25: 1.42/0.77/0.40 1.62/0.72/0.40 1.89/0.67/0.40 -> plume ring at r/v 0.203/0.190/0.178
   R  3.12  3.08  2.99  2.86  2.72  2.62  2.56  2.52  2.51  2.50  2.49  2.49  2.49  2.47  2.43  2.42  2.21  1.84  1.55  1.33  1.23  1.01  0.75  0.53  0.38  0.34  0.33  0.34  0.35  0.33  0.33  0.33  0.32  0.31  0.27  0.26
   G  1.61  1.57  1.56  1.43  1.31  1.17  1.09  1.02  1.00  0.97  0.96  0.95  0.93  0.94  0.93  1.04  0.94  0.77  0.69  0.63  0.60  0.49  0.36  0.24  0.18  0.14  0.14  0.13  0.13  0.12  0.12  0.11  0.11  0.10  0.09  0.08
   B  1.41  1.29  1.39  1.18  1.09  0.90  0.85  0.76  0.78  0.72  0.72  0.71  0.69  0.71  0.68  0.96  0.71  0.52  0.54  0.52  0.48  0.41  0.30  0.21  0.15  0.12  0.10  0.11  0.11  0.11  0.11  0.10  0.09  0.09  0.08  0.07
6047 h=569 vz 4729 value 254 px | cap q/k/disc_fade at pulse 0.75,1,1.25: 1.48/0.74/0.40 1.70/0.70/0.40 2.00/0.65/0.40 -> plume ring at r/v 0.197/0.184/0.173
   R  3.07  3.04  2.93  2.79  2.67  2.57  2.53  2.50  2.49  2.48  2.48  2.48  2.47  2.44  2.40  2.95  2.41  1.96  1.61  1.33  1.12  0.85  0.59  0.40  0.29  0.26  0.25  0.24  0.23  0.22  0.20  0.21  0.22  0.23  0.24  0.20
   G  1.57  1.56  1.53  1.41  1.29  1.16  1.09  1.01  1.00  0.96  0.96  0.95  0.94  0.94  0.94  1.61  1.15  0.88  0.73  0.65  0.58  0.48  0.32  0.19  0.11  0.08  0.06  0.06  0.06  0.06  0.05  0.06  0.06  0.07  0.07  0.07
   B  1.33  1.32  1.31  1.16  1.10  0.89  0.83  0.76  0.77  0.71  0.74  0.72  0.69  0.70  0.72  1.49  0.97  0.60  0.53  0.52  0.48  0.40  0.28  0.16  0.09  0.06  0.05  0.05  0.05  0.05  0.04  0.05  0.05  0.05  0.06  0.05
6048 h=568 vz 5020 value 239 px | cap q/k/disc_fade at pulse 0.75,1,1.25: 1.36/0.79/0.40 1.55/0.74/0.40 1.80/0.69/0.40 -> plume ring at r/v 0.209/0.195/0.183
   R  3.11  3.09  3.00  2.86  2.75  2.63  2.57  2.53  2.51  2.50  2.50  2.49  2.49  2.48  2.46  2.43  2.27  1.87  1.61  1.42  1.31  1.12  0.87  0.62  0.43  0.36  0.34  0.35  0.36  0.34  0.33  0.33  0.32  0.30  0.26  0.26
   G  1.61  1.58  1.56  1.43  1.33  1.19  1.11  1.03  1.01  0.97  0.97  0.94  0.95  0.93  0.93  0.95  0.90  0.71  0.66  0.65  0.63  0.55  0.42  0.30  0.21  0.16  0.14  0.13  0.13  0.12  0.12  0.11  0.11  0.10  0.09  0.08
   B  1.40  1.32  1.34  1.19  1.12  0.91  0.90  0.75  0.79  0.72  0.76  0.68  0.74  0.68  0.71  0.86  0.69  0.49  0.50  0.52  0.50  0.46  0.36  0.25  0.18  0.13  0.11  0.11  0.11  0.11  0.11  0.10  0.10  0.09  0.08  0.07
6048 h=569 vz 4882 value 246 px | cap q/k/disc_fade at pulse 0.75,1,1.25: 1.42/0.77/0.40 1.62/0.72/0.40 1.89/0.67/0.40 -> plume ring at r/v 0.203/0.190/0.178
   R  3.09  3.04  2.95  2.81  2.68  2.58  2.54  2.51  2.49  2.48  2.48  2.48  2.47  2.46  2.44  2.79  2.46  2.03  1.68  1.39  1.22  0.97  0.72  0.51  0.34  0.28  0.25  0.24  0.23  0.22  0.21  0.21  0.23  0.24  0.23  0.21
   G  1.58  1.55  1.55  1.42  1.31  1.18  1.10  1.03  1.01  0.97  0.97  0.94  0.94  0.93  0.95  1.34  1.10  0.82  0.70  0.64  0.61  0.55  0.40  0.26  0.15  0.10  0.07  0.06  0.06  0.06  0.06  0.06  0.07  0.07  0.07  0.07
   B  1.34  1.27  1.33  1.15  1.12  0.91  0.87  0.76  0.79  0.73  0.75  0.69  0.71  0.69  0.76  1.21  0.91  0.56  0.51  0.51  0.51  0.46  0.35  0.23  0.13  0.08  0.06  0.05  0.05  0.05  0.05  0.05  0.05  0.05  0.06  0.05
6049 h=568 vz 5161 value 233 px | cap q/k/disc_fade at pulse 0.75,1,1.25: 1.32/0.81/0.40 1.49/0.76/0.40 1.72/0.71/0.40 -> plume ring at r/v 0.214/0.200/0.188
   R  3.12  3.09  3.01  2.88  2.75  2.64  2.58  2.54  2.51  2.50  2.50  2.49  2.49  2.48  2.47  2.48  2.28  1.92  1.67  1.50  1.40  1.18  0.96  0.69  0.48  0.39  0.37  0.37  0.38  0.37  0.35  0.33  0.32  0.30  0.27  0.27
   G  1.61  1.57  1.57  1.45  1.33  1.20  1.12  1.04  1.01  0.97  0.96  0.95  0.95  0.94  0.92  0.96  0.86  0.66  0.62  0.63  0.65  0.58  0.46  0.34  0.24  0.18  0.15  0.13  0.13  0.12  0.12  0.12  0.11  0.10  0.10  0.08
   B  1.40  1.29  1.38  1.20  1.11  0.94  0.88  0.77  0.78  0.74  0.72  0.71  0.71  0.70  0.69  0.90  0.65  0.44  0.48  0.50  0.51  0.49  0.40  0.30  0.21  0.15  0.12  0.12  0.11  0.11  0.11  0.10  0.10  0.09  0.08  0.07
6049 h=569 vz 5034 value 239 px | cap q/k/disc_fade at pulse 0.75,1,1.25: 1.36/0.79/0.40 1.55/0.74/0.40 1.80/0.69/0.40 -> plume ring at r/v 0.209/0.195/0.183
   R  3.08  3.04  2.97  2.83  2.70  2.60  2.54  2.51  2.49  2.49  2.49  2.48  2.48  2.46  2.45  2.92  2.52  2.11  1.70  1.47  1.31  1.07  0.83  0.61  0.41  0.31  0.27  0.25  0.24  0.23  0.21  0.21  0.23  0.23  0.24  0.21
   G  1.61  1.56  1.55  1.44  1.32  1.20  1.11  1.04  1.01  0.97  0.97  0.95  0.95  0.94  0.95  1.51  1.08  0.78  0.65  0.61  0.61  0.59  0.45  0.32  0.19  0.12  0.08  0.06  0.06  0.06  0.06  0.06  0.07  0.07  0.08  0.07
   B  1.42  1.28  1.35  1.17  1.12  0.94  0.88  0.79  0.78  0.73  0.74  0.71  0.70  0.70  0.73  1.39  0.89  0.52  0.46  0.49  0.51  0.50  0.40  0.28  0.17  0.11  0.07  0.05  0.05  0.05  0.05  0.05  0.05  0.05  0.06  0.05
6050 h=568 vz 5300 value 227 px | cap q/k/disc_fade at pulse 0.75,1,1.25: 1.27/0.83/0.40 1.44/0.78/0.40 1.65/0.73/0.40 -> plume ring at r/v 0.220/0.205/0.192
   R  3.12  3.10  3.02  2.91  2.77  2.66  2.60  2.55  2.52  2.50  2.50  2.50  2.49  2.49  2.48  2.49  2.31  1.94  1.70  1.58  1.44  1.25  1.05  0.78  0.56  0.44  0.40  0.40  0.41  0.38  0.37  0.35  0.33  0.30  0.28  0.28
   G  1.62  1.56  1.58  1.46  1.36  1.22  1.13  1.05  1.02  0.98  0.98  0.94  0.96  0.93  0.93  0.92  0.84  0.64  0.57  0.61  0.63  0.61  0.51  0.40  0.29  0.21  0.16  0.14  0.13  0.13  0.12  0.12  0.12  0.10  0.10  0.09
   B  1.44  1.28  1.39  1.18  1.14  0.95  0.91  0.78  0.81  0.72  0.75  0.68  0.74  0.68  0.71  0.80  0.62  0.44  0.43  0.48  0.51  0.51  0.44  0.35  0.25  0.18  0.14  0.12  0.12  0.11  0.11  0.11  0.10  0.09  0.08  0.07
6050 h=569 vz 5185 value 232 px | cap q/k/disc_fade at pulse 0.75,1,1.25: 1.31/0.81/0.40 1.49/0.76/0.40 1.72/0.71/0.40 -> plume ring at r/v 0.215/0.201/0.188
   R  3.08  3.06  2.97  2.84  2.71  2.62  2.55  2.52  2.50  2.49  2.49  2.48  2.48  2.47  2.52  2.83  2.50  2.15  1.80  1.52  1.35  1.17  0.95  0.73  0.50  0.37  0.29  0.26  0.25  0.23  0.22  0.22  0.23  0.24  0.23  0.21
   G  1.59  1.56  1.56  1.45  1.34  1.21  1.14  1.05  1.02  0.98  0.98  0.94  0.96  0.94  0.95  1.30  1.05  0.74  0.60  0.57  0.60  0.61  0.51  0.39  0.25  0.17  0.10  0.07  0.06  0.06  0.06  0.06  0.07  0.07  0.08  0.07
   B  1.36  1.27  1.38  1.19  1.15  0.95  0.88  0.78  0.79  0.75  0.76  0.68  0.74  0.68  0.76  1.14  0.88  0.48  0.42  0.46  0.51  0.51  0.45  0.34  0.22  0.14  0.09  0.06  0.05  0.05  0.05  0.05  0.05  0.05  0.06  0.05
6051 h=568 vz 5437 value 221 px | cap q/k/disc_fade at pulse 0.75,1,1.25: 1.23/0.85/0.40 1.39/0.79/0.40 1.59/0.75/0.40 -> plume ring at r/v 0.225/0.210/0.197
   R  3.14  3.11  3.03  2.92  2.79  2.70  2.62  2.56  2.53  2.51  2.50  2.50  2.50  2.49  2.49  2.54  2.35  2.00  1.76  1.61  1.51  1.37  1.18  0.94  0.69  0.51  0.43  0.41  0.43  0.40  0.38  0.37  0.33  0.31  0.29  0.27
   G  1.60  1.58  1.57  1.47  1.37  1.23  1.15  1.06  1.02  0.99  0.97  0.95  0.95  0.94  0.93  1.00  0.83  0.60  0.55  0.58  0.62  0.61  0.55  0.47  0.36  0.26  0.19  0.15  0.14  0.13  0.12  0.12  0.11  0.10  0.10  0.08
   B  1.39  1.32  1.37  1.21  1.13  0.97  0.91  0.79  0.80  0.74  0.75  0.71  0.72  0.69  0.71  0.91  0.64  0.39  0.40  0.44  0.50  0.52  0.48  0.41  0.31  0.22  0.16  0.13  0.12  0.12  0.12  0.11  0.10  0.09  0.09  0.07
6051 h=569 vz 5335 value 225 px | cap q/k/disc_fade at pulse 0.75,1,1.25: 1.27/0.83/0.40 1.43/0.78/0.40 1.64/0.73/0.40 -> plume ring at r/v 0.221/0.206/0.193
   R  3.11  3.07  3.00  2.88  2.75  2.64  2.57  2.54  2.51  2.50  2.49  2.49  2.49  2.48  2.50  2.95  2.54  2.12  1.80  1.57  1.40  1.27  1.08  0.88  0.64  0.45  0.34  0.28  0.26  0.24  0.21  0.22  0.23  0.24  0.24  0.22
   G  1.58  1.58  1.56  1.46  1.35  1.24  1.14  1.06  1.03  0.98  0.98  0.96  0.95  0.95  0.94  1.39  1.03  0.66  0.52  0.53  0.60  0.63  0.56  0.46  0.33  0.22  0.14  0.09  0.07  0.06  0.06  0.06  0.07  0.07  0.08  0.07
   B  1.31  1.33  1.33  1.23  1.15  0.99  0.90  0.80  0.80  0.74  0.76  0.73  0.71  0.71  0.76  1.23  0.83  0.41  0.35  0.41  0.49  0.53  0.50  0.41  0.29  0.20  0.12  0.07  0.05  0.05  0.05  0.05  0.05  0.05  0.06  0.05
bins r/v from:  0.00  0.01  0.02  0.03  0.04  0.05  0.06  0.07  0.08  0.09  0.10  0.11  0.12  0.13  0.14  0.15  0.16  0.17  0.18  0.19  0.20  0.21  0.22  0.23  0.24  0.25  0.26  0.27  0.28  0.29  0.30  0.31  0.32  0.33  0.34  0.35
