## frame 6044 ev(frame-1) -1.146 exposure 0.452; display white (all channels >= 0.98) from grey 4.12; red-only pixel R saturates (display R >= 0.98) from engine R ~ see rows
# red_big3 h=0005b56d idx=205 z=2.00000 s=1.00000 value 548.1 vz 8790 facing 0.973 origin px (2474.9,965.0) value 80 px n 40 px | depth at origin 6080.9 (record units; vz 8789.6) min depth within 0.6n 5963.2 -> origin behind nearest rim by 117.7; bias 266.6 spill guard 300.0 soft 0.15v 82.2
   r_px  n_frac   px  engine_RGB(median)      display_RGB(median)  depth(median) frac_min>=1 frac_sky
      0  0.05     47   5.09  1.79  1.56  1.00 0.88 0.86    6080.9  0.98 0.00
      4  0.15    148   4.88  1.48  1.35  1.00 0.85 0.83    6080.9  0.73 0.00
      8  0.25    248   4.75  1.19  1.02  1.00 0.81 0.78    6080.3  0.54 0.00
     12  0.35    354   4.79  1.24  1.03  1.00 0.81 0.79    6081.0  0.53 0.00
     16  0.45    456   4.73  1.10  0.83  1.00 0.79 0.76    6077.7  0.35 0.00
     20  0.55    544   4.64  1.09  0.89  1.00 0.78 0.73    6103.4  0.39 0.00
     24  0.65    661   3.38  1.16  1.02  1.00 0.76 0.72    6109.8  0.53 0.00
     28  0.75    759   2.31  1.03  0.73  0.93 0.73 0.68    6102.7  0.32 0.00
     32  0.85    838   1.62  0.82  0.58  0.84 0.66 0.60    6093.5  0.34 0.00
     36  0.95    970   0.60  0.37  0.33  0.47 0.29 0.25    6085.6  0.34 0.00
     40  1.05   1058   0.27  0.17  0.14  0.20 0.09 0.06    6099.7  0.05 0.00
     44  1.15   1142   0.15  0.08  0.06  0.08 0.03 0.02    6099.0  0.05 0.00
     48  1.25   1270   0.14  0.08  0.05  0.06 0.02 0.01    6152.9  0.07 0.00
     52  1.35   1350   0.15  0.08  0.05  0.08 0.02 0.01    6089.3  0.08 0.00
     56  1.45   1453   0.16  0.07  0.05  0.08 0.02 0.01    6060.0  0.09 0.00
     60  1.55   1562   0.14  0.07  0.05  0.07 0.02 0.01    6050.4  0.10 0.06
     64  1.65   1425   0.14  0.06  0.05  0.07 0.02 0.01    6034.3  0.11 0.11
# red_big3 h=0005b56c idx=206 z=2.00000 s=1.00000 value 548.1 vz 8573 facing 0.978 origin px (2190.7,753.7) value 82 px n 41 px | depth at origin 5923.7 (record units; vz 8573.1) min depth within 0.6n 5771.5 -> origin behind nearest rim by 152.2; bias 267.9 spill guard 300.0 soft 0.15v 82.2
   r_px  n_frac   px  engine_RGB(median)      display_RGB(median)  depth(median) frac_min>=1 frac_sky
      0  0.05     52   5.31  1.60  1.04  1.00 0.87 0.79    5920.0  0.52 0.00
      4  0.15    151   4.70  1.10  0.88  1.00 0.79 0.75    5912.6  0.35 0.00
      8  0.24    248   4.69  1.26  1.05  1.00 0.81 0.78    5901.2  0.56 0.00
     12  0.34    356   4.35  1.40  1.21  1.00 0.82 0.79    5933.4  0.69 0.00
     16  0.44    449   3.89  1.18  1.04  1.00 0.79 0.75    5943.4  0.54 0.00
     20  0.54    552   3.60  1.07  0.90  1.00 0.74 0.71    5935.3  0.42 0.00
     24  0.64    659   3.74  1.03  0.81  1.00 0.73 0.70    5930.5  0.37 0.00
     28  0.73    756   3.66  1.04  0.79  1.00 0.74 0.71    5931.0  0.36 0.00
     32  0.83    851   3.53  1.00  0.75  1.00 0.73 0.69    5933.5  0.29 0.00
     36  0.93    956   3.09  0.95  0.68  0.98 0.72 0.67    5922.1  0.29 0.00
     40  1.03   1056   2.36  0.78  0.53  0.93 0.68 0.63    5916.0  0.31 0.00
     44  1.12   1158   1.85  0.60  0.37  0.88 0.60 0.58    5878.3  0.24 0.00
     48  1.22   1252   0.86  0.36  0.28  0.62 0.39 0.32    5916.1  0.24 0.00
     52  1.32   1360   0.36  0.12  0.10  0.28 0.06 0.05    5946.2  0.20 0.00
     56  1.42   1455   0.17  0.08  0.06  0.09 0.02 0.01    5963.8  0.09 0.09
     60  1.52   1558   0.10  0.05  0.03  0.04 0.01 0.01    5932.7  0.07 0.15
     64  1.61   1638   0.08  0.04  0.03  0.03 0.01 0.00    5911.2  0.07 0.18
# red_big3 h=0005b56f idx=207 z=2.00000 s=1.00000 value 548.1 vz 6099 facing 0.972 origin px (2481.2,960.8) value 115 px n 58 px | depth at origin 6093.7 (record units; vz 6098.9) min depth within 0.6n 5963.2 -> origin behind nearest rim by 130.5; bias 266.3 spill guard 300.0 soft 0.15v 82.2
   r_px  n_frac   px  engine_RGB(median)      display_RGB(median)  depth(median) frac_min>=1 frac_sky
      0  0.03     52   6.20  2.61  2.35  1.00 0.94 0.93    6094.4  1.00 0.00
      4  0.10    149   5.51  2.12  1.92  1.00 0.91 0.90    6094.0  1.00 0.00
      8  0.17    252   4.86  1.42  1.23  1.00 0.84 0.82    6094.2  0.77 0.00
     12  0.24    350   4.73  1.12  0.88  1.00 0.80 0.76    6093.8  0.30 0.00
     16  0.31    453   4.72  1.06  0.89  1.00 0.79 0.76    6092.6  0.35 0.00
     20  0.38    553   5.33  1.60  0.98  1.00 0.87 0.80    6070.4  0.50 0.00
     24  0.45    654   3.81  0.92  0.64  1.00 0.73 0.67    6031.2  0.17 0.00
     28  0.52    754   2.81  1.36  1.16  0.97 0.78 0.74    6063.1  0.90 0.00
     32  0.59    850   1.73  1.03  0.91  0.86 0.68 0.64    6133.4  0.36 0.00
     36  0.66    958   0.58  0.32  0.26  0.47 0.24 0.19    6170.3  0.07 0.00
     40  0.73   1055   0.15  0.06  0.05  0.08 0.02 0.02    6160.2  0.04 0.00
     44  0.80   1157   0.11  0.06  0.04  0.04 0.02 0.01    6092.3  0.06 0.00
     48  0.87   1258   0.12  0.05  0.04  0.05 0.01 0.01    6066.3  0.08 0.00
     52  0.94   1356   0.13  0.07  0.05  0.06 0.02 0.01    6036.4  0.09 0.05
     56  1.01   1458   0.13  0.07  0.05  0.06 0.02 0.01    6027.6  0.10 0.10
     60  1.08   1554   0.13  0.06  0.05  0.06 0.02 0.01    6020.8  0.10 0.12
     64  1.15   1663   0.14  0.05  0.04  0.06 0.01 0.01    6016.0  0.10 0.14
     68  1.22   1766   0.13  0.05  0.04  0.06 0.01 0.01    5993.0  0.08 0.15
     72  1.29   1853   0.14  0.07  0.05  0.06 0.02 0.01    5924.9  0.07 0.16
     76  1.36   1968   0.13  0.07  0.05  0.06 0.02 0.01    5374.8  0.05 0.17
     80  1.43   2050   0.13  0.07  0.05  0.05 0.02 0.01    4801.2  0.06 0.17
     84  1.50   2170   0.13  0.08  0.06  0.06 0.02 0.01    5910.0  0.04 0.16
     88  1.56   2257   0.10  0.06  0.05  0.04 0.02 0.01    4639.9  0.05 0.22
     92  1.63   2231   0.10  0.06  0.05  0.03 0.01 0.01    4538.7  0.05 0.26
# red_big3 h=0005b56e idx=208 z=2.00000 s=1.00000 value 548.1 vz 6042 facing 0.965 origin px (2523.8,1007.7) value 116 px n 58 px | depth at origin 6040.7 (record units; vz 6042.2) min depth within 0.6n 5921.5 -> origin behind nearest rim by 119.1; bias 264.5 spill guard 300.0 soft 0.15v 82.2
   r_px  n_frac   px  engine_RGB(median)      display_RGB(median)  depth(median) frac_min>=1 frac_sky
      0  0.03     51   6.23  2.63  2.39  1.00 0.94 0.93    6040.7  1.00 0.00
      4  0.10    150   5.55  2.12  1.91  1.00 0.91 0.90    6040.7  1.00 0.00
      8  0.17    252   4.90  1.43  1.21  1.00 0.84 0.81    6040.9  0.83 0.00
     12  0.24    354   4.75  1.12  0.88  1.00 0.80 0.76    6040.7  0.31 0.00
     16  0.31    451   6.08  2.26  1.70  1.00 0.92 0.89    6030.7  0.69 0.00
     20  0.38    551   4.40  0.62  0.26  1.00 0.71 0.67    6001.9  0.07 0.00
     24  0.45    653   3.50  0.78  0.59  1.00 0.67 0.64    6015.7  0.14 0.00
     28  0.52    756   2.80  1.20  1.08  0.97 0.75 0.72    6044.3  0.72 0.00
     32  0.59    853   1.88  1.03  0.93  0.88 0.68 0.65    6072.7  0.38 0.00
     36  0.65    958   0.72  0.34  0.29  0.56 0.27 0.23    6051.4  0.10 0.00
     40  0.72   1054   0.23  0.06  0.05  0.15 0.02 0.02    6052.2  0.07 0.00
     44  0.79   1151   0.17  0.05  0.05  0.09 0.03 0.02    6050.0  0.08 0.00
     48  0.86   1261   0.14  0.06  0.04  0.06 0.02 0.01    6049.6  0.07 0.04
     52  0.93   1357   0.13  0.07  0.05  0.06 0.02 0.01    6072.9  0.09 0.07
     56  1.00   1461   0.13  0.07  0.05  0.06 0.02 0.01    6071.9  0.11 0.12
     60  1.07   1552   0.13  0.08  0.05  0.05 0.02 0.01    6066.9  0.10 0.17
     64  1.14   1667   0.14  0.09  0.06  0.06 0.03 0.01    6063.7  0.10 0.17
     68  1.21   1755   0.14  0.09  0.06  0.06 0.03 0.01    6053.2  0.11 0.14
     72  1.27   1857   0.13  0.09  0.06  0.06 0.03 0.01    6070.5  0.09 0.17
     76  1.34   1967   0.13  0.08  0.05  0.06 0.02 0.01    6026.2  0.08 0.24
     80  1.41   2057   0.12  0.07  0.05  0.05 0.02 0.01    5979.1  0.08 0.30
     84  1.48   2164   0.05  0.03  0.05  0.01 0.00 0.01     163.2  0.05 0.39
     88  1.55   2263   0.05  0.03  0.05  0.01 0.00 0.01     149.9  0.05 0.42
     92  1.62   2222   0.05  0.03  0.06  0.01 0.00 0.01     139.0  0.05 0.44
# red_big3 h=0005b56b idx=209 z=2.00000 s=1.00000 value 548.1 vz 5956 facing 0.978 origin px (2212.4,760.8) value 118 px n 59 px | depth at origin 5951.2 (record units; vz 5956.4) min depth within 0.6n 5820.9 -> origin behind nearest rim by 130.3; bias 268.1 spill guard 300.0 soft 0.15v 82.2
   r_px  n_frac   px  engine_RGB(median)      display_RGB(median)  depth(median) frac_min>=1 frac_sky
      0  0.03     50   6.21  2.62  2.35  1.00 0.94 0.93    5951.9  1.00 0.00
      4  0.10    152   5.58  2.13  1.89  1.00 0.91 0.90    5952.0  1.00 0.00
      8  0.17    250   4.89  1.43  1.23  1.00 0.84 0.82    5952.0  0.82 0.00
     12  0.24    353   4.73  1.13  0.88  1.00 0.80 0.76    5952.2  0.33 0.00
     16  0.31    453   4.73  1.05  0.85  1.00 0.79 0.76    5950.6  0.28 0.00
     20  0.37    554   5.97  2.18  1.55  1.00 0.92 0.87    5932.6  0.62 0.00
     24  0.44    654   4.13  0.89  0.53  1.00 0.74 0.68    5899.2  0.10 0.00
     28  0.51    753   3.14  1.36  1.11  0.98 0.80 0.74    5918.8  0.73 0.00
     32  0.58    856   1.98  1.10  0.98  0.89 0.71 0.67    5954.4  0.46 0.00
     36  0.65    956   0.70  0.40  0.35  0.54 0.32 0.28    6031.6  0.12 0.00
     40  0.71   1055   0.19  0.07  0.06  0.11 0.02 0.02    6015.7  0.04 0.00
     44  0.78   1155   0.10  0.04  0.03  0.03 0.01 0.01    5983.9  0.04 0.00
     48  0.85   1257   0.08  0.03  0.02  0.02 0.00 0.00    5924.0  0.06 0.00
     52  0.92   1360   0.06  0.03  0.02  0.02 0.00 0.00    5915.5  0.08 0.02
     56  0.98   1454   0.06  0.03  0.02  0.01 0.00 0.00    5911.4  0.08 0.11
     60  1.05   1561   0.05  0.03  0.02  0.01 0.00 0.00    5917.3  0.09 0.14
     64  1.12   1650   0.04  0.03  0.02  0.01 0.00 0.00    5871.1  0.10 0.16
     68  1.19   1762   0.04  0.03  0.02  0.01 0.00 0.00    5843.3  0.10 0.18
     72  1.26   1860   0.05  0.03  0.02  0.01 0.00 0.00    5821.9  0.08 0.19
     76  1.32   1959   0.10  0.06  0.04  0.03 0.01 0.01    5745.7  0.07 0.21
     80  1.39   2065   0.13  0.06  0.05  0.06 0.02 0.01    5730.8  0.05 0.22
     84  1.46   2161   0.13  0.06  0.05  0.06 0.02 0.01    5356.2  0.06 0.22
     88  1.53   2259   0.10  0.05  0.04  0.03 0.01 0.01    5110.4  0.04 0.22
     92  1.60   2368   0.06  0.04  0.03  0.01 0.00 0.00    4740.6  0.04 0.24
# red_big3 h=0005b56a idx=210 z=2.00000 s=1.00000 value 548.1 vz 5848 facing 0.974 origin px (2150.9,730.8) value 120 px n 60 px | depth at origin 5846.1 (record units; vz 5847.6) min depth within 0.6n 5726.9 -> origin behind nearest rim by 119.1; bias 266.9 spill guard 300.0 soft 0.15v 82.2
   r_px  n_frac   px  engine_RGB(median)      display_RGB(median)  depth(median) frac_min>=1 frac_sky
      0  0.03     49   6.23  2.62  2.39  1.00 0.94 0.93    5846.3  1.00 0.00
      4  0.10    152   5.62  2.18  1.98  1.00 0.91 0.90    5846.1  1.00 0.00
      8  0.17    251   4.92  1.48  1.27  1.00 0.85 0.82    5846.4  0.87 0.00
     12  0.23    351   4.75  1.15  0.90  1.00 0.80 0.77    5846.3  0.34 0.00
     16  0.30    452   4.91  1.15  1.06  1.00 0.80 0.79    5839.5  0.57 0.00
     20  0.37    551   4.56  0.72  0.31  1.00 0.73 0.69    5807.4  0.25 0.00
     24  0.43    656   3.76  0.69  0.48  1.00 0.70 0.65    5816.1  0.07 0.00
     28  0.50    751   2.94  1.11  1.00  0.98 0.73 0.70    5825.0  0.51 0.00
     32  0.57    856   2.12  1.17  1.05  0.91 0.73 0.70    5886.5  0.61 0.00
     36  0.63    951   0.93  0.52  0.45  0.66 0.41 0.37    5872.2  0.12 0.00
     40  0.70   1059   0.27  0.10  0.09  0.20 0.04 0.04    5865.0  0.06 0.00
     44  0.77   1157   0.12  0.04  0.03  0.05 0.01 0.01    5847.2  0.09 0.00
     48  0.83   1252   0.13  0.04  0.04  0.06 0.01 0.01    5827.4  0.06 0.06
     52  0.90   1364   0.12  0.04  0.03  0.05 0.01 0.00    5824.1  0.07 0.14
     56  0.97   1448   0.11  0.05  0.04  0.04 0.01 0.01    5835.4  0.08 0.17
     60  1.03   1567   0.05  0.03  0.02  0.01 0.00 0.00    5843.9  0.10 0.17
     64  1.10   1654   0.07  0.04  0.03  0.02 0.01 0.00    5910.5  0.10 0.18
     68  1.17   1758   0.06  0.03  0.03  0.02 0.00 0.00    5928.0  0.10 0.18
     72  1.23   1867   0.10  0.06  0.05  0.04 0.01 0.01    5941.5  0.09 0.18
     76  1.30   1956   0.08  0.04  0.04  0.02 0.01 0.01    5934.9  0.08 0.22
     80  1.37   2064   0.09  0.04  0.04  0.03 0.01 0.01    5884.1  0.06 0.27
     84  1.43   2159   0.04  0.02  0.02  0.01 0.00 0.00    5757.6  0.06 0.36
     88  1.50   2264   0.03  0.02  0.03  0.00 0.00 0.00    5701.1  0.04 0.42
     92  1.57   2355   0.03  0.02  0.03  0.00 0.00 0.00    5682.6  0.05 0.45
     96  1.63   2178   0.03  0.02  0.03  0.00 0.00 0.00    5681.2  0.04 0.46
# red_big3 h=0005b567 idx=211 z=2.00000 s=1.00000 value 548.1 vz 4341 facing 0.931 origin px (2532.2,699.1) value 162 px n 81 px | depth at origin 4342.2 (record units; vz 4340.8) min depth within 0.6n 4179.7 -> origin behind nearest rim by 162.5; bias 255.1 spill guard 300.0 soft 0.15v 82.2
   r_px  n_frac   px  engine_RGB(median)      display_RGB(median)  depth(median) frac_min>=1 frac_sky
      0  0.02     50   1.09  0.85  0.56  0.70 0.60 0.45    4342.3  0.00 0.00
      4  0.07    150   1.07  0.91  0.72  0.70 0.63 0.54    4342.3  0.00 0.00
      8  0.12    254   1.07  0.88  0.64  0.69 0.62 0.50    4342.7  0.00 0.00
     12  0.17    350   1.04  0.86  0.59  0.69 0.61 0.47    4341.8  0.06 0.00
     16  0.22    452   0.50  0.27  0.15  0.41 0.19 0.09    4329.3  0.12 0.00
     20  0.27    555   0.34  0.12  0.08  0.27 0.06 0.03    4321.3  0.00 0.00
     24  0.32    651   0.34  0.10  0.08  0.27 0.04 0.03    4317.3  0.00 0.00
     28  0.37    753   0.34  0.11  0.09  0.27 0.05 0.04    4442.4  0.00 0.00
     32  0.42    854   0.40  0.13  0.12  0.33 0.07 0.06    4447.5  0.00 0.00
     36  0.47    955   0.40  0.13  0.11  0.33 0.07 0.06    4444.6  0.00 0.00
     40  0.52   1056   0.41  0.16  0.12  0.33 0.09 0.06    4433.0  0.00 0.00
     44  0.57   1153   0.42  0.18  0.13  0.35 0.10 0.07    4403.4  0.00 0.00
     48  0.62   1260   0.49  0.21  0.16  0.41 0.15 0.10    4319.1  0.04 0.00
     52  0.67   1357   0.58  0.26  0.18  0.47 0.23 0.15    4387.7  0.11 0.00
     56  0.72   1460   0.62  0.33  0.20  0.50 0.26 0.15    4386.5  0.08 0.00
     60  0.77   1557   0.68  0.35  0.22  0.53 0.28 0.18    4363.1  0.06 0.00
     64  0.82   1660   0.65  0.29  0.20  0.51 0.23 0.16    4348.3  0.06 0.00
     68  0.87   1758   0.66  0.29  0.21  0.52 0.24 0.18    4338.7  0.06 0.00
     72  0.92   1860   0.57  0.29  0.21  0.46 0.24 0.16    4337.5  0.07 0.00
     76  0.97   1962   0.46  0.27  0.19  0.37 0.21 0.14    4354.7  0.09 0.00
     80  1.01   2065   0.35  0.21  0.15  0.27 0.14 0.08    4384.1  0.10 0.00
     84  1.06   2159   0.34  0.18  0.12  0.27 0.11 0.05    4399.9  0.12 0.00
     88  1.11   2261   0.33  0.17  0.12  0.26 0.09 0.05    4414.2  0.13 0.00
     92  1.16   2360   0.32  0.17  0.13  0.25 0.09 0.06    4426.7  0.13 0.00
     96  1.21   2468   0.31  0.17  0.13  0.24 0.09 0.06    4430.1  0.12 0.00
    100  1.26   2555   0.29  0.16  0.12  0.22 0.09 0.05    4433.4  0.09 0.00
    104  1.31   2662   0.29  0.18  0.12  0.22 0.10 0.06    4435.7  0.07 0.00
    108  1.36   2766   0.27  0.14  0.10  0.19 0.06 0.04    4439.7  0.06 0.00
    112  1.41   2866   0.27  0.11  0.08  0.20 0.04 0.03    4448.1  0.06 0.00
    116  1.46   2961   0.28  0.09  0.07  0.20 0.03 0.02    4456.7  0.06 0.01
    120  1.51   3076   0.26  0.08  0.06  0.19 0.02 0.02    4440.3  0.06 0.06
    124  1.56   3163   0.27  0.07  0.06  0.20 0.02 0.02    4427.8  0.08 0.08
    128  1.61   3237   0.25  0.07  0.06  0.18 0.02 0.02    4375.3  0.08 0.09
# red_big3 h=0005b566 idx=212 z=2.00000 s=1.00000 value 548.1 vz 4320 facing 0.933 origin px (2478.8,657.9) value 162 px n 81 px | depth at origin 4321.9 (record units; vz 4320.2) min depth within 0.6n 4153.8 -> origin behind nearest rim by 168.1; bias 255.6 spill guard 300.0 soft 0.15v 82.2
   r_px  n_frac   px  engine_RGB(median)      display_RGB(median)  depth(median) frac_min>=1 frac_sky
      0  0.02     51   1.00  0.86  0.58  0.67 0.60 0.46    4321.7  0.00 0.00
      4  0.07    150   1.00  0.91  0.72  0.67 0.62 0.54    4321.8  0.00 0.00
      8  0.12    253   1.00  0.88  0.64  0.67 0.61 0.50    4321.5  0.00 0.00
     12  0.17    350   1.00  0.86  0.60  0.67 0.61 0.47    4321.7  0.06 0.00
     16  0.22    454   0.51  0.28  0.15  0.41 0.21 0.11    4310.6  0.13 0.00
     20  0.27    554   0.28  0.12  0.06  0.20 0.05 0.02    4306.0  0.01 0.00
     24  0.32    649   0.30  0.10  0.08  0.23 0.04 0.03    4296.1  0.00 0.00
     28  0.37    757   0.30  0.10  0.09  0.23 0.04 0.03    4425.8  0.00 0.00
     32  0.42    853   0.34  0.13  0.11  0.27 0.06 0.05    4427.8  0.00 0.00
     36  0.47    955   0.40  0.15  0.13  0.33 0.08 0.06    4424.5  0.00 0.00
     40  0.52   1054   0.41  0.17  0.13  0.33 0.10 0.07    4419.1  0.00 0.00
     44  0.57   1153   0.52  0.27  0.17  0.42 0.20 0.12    4380.4  0.00 0.00
     48  0.62   1259   0.55  0.23  0.17  0.45 0.20 0.13    4358.7  0.04 0.00
     52  0.67   1360   0.63  0.27  0.19  0.50 0.22 0.15    4376.9  0.08 0.00
     56  0.71   1460   0.67  0.31  0.22  0.52 0.26 0.19    4373.6  0.08 0.00
     60  0.76   1556   0.59  0.29  0.21  0.47 0.24 0.16    4345.1  0.06 0.00
     64  0.81   1663   0.56  0.25  0.20  0.45 0.22 0.15    4342.9  0.05 0.00
     68  0.86   1755   0.60  0.31  0.21  0.47 0.25 0.17    4346.6  0.06 0.00
     72  0.91   1861   0.68  0.37  0.24  0.53 0.29 0.20    4349.1  0.07 0.00
     76  0.96   1961   0.64  0.34  0.21  0.51 0.26 0.17    4348.1  0.09 0.00
     80  1.01   2062   0.48  0.23  0.14  0.40 0.16 0.09    4354.0  0.11 0.00
     84  1.06   2161   0.38  0.18  0.12  0.31 0.11 0.06    4368.0  0.13 0.00
     88  1.11   2261   0.33  0.15  0.11  0.26 0.07 0.04    4384.3  0.13 0.00
     92  1.16   2359   0.30  0.15  0.10  0.23 0.07 0.03    4408.1  0.12 0.00
     96  1.21   2467   0.30  0.14  0.10  0.23 0.07 0.03    4434.5  0.10 0.00
    100  1.26   2558   0.31  0.14  0.09  0.24 0.07 0.03    4445.4  0.09 0.00
    104  1.31   2668   0.31  0.19  0.11  0.23 0.11 0.04    4456.4  0.08 0.00
    108  1.35   2757   0.28  0.15  0.10  0.21 0.08 0.04    4461.5  0.07 0.00
    112  1.40   2870   0.27  0.11  0.09  0.20 0.04 0.03    4463.7  0.06 0.00
    116  1.45   2963   0.26  0.08  0.06  0.19 0.03 0.02    4448.2  0.05 0.00
    120  1.50   3069   0.26  0.08  0.06  0.18 0.03 0.02    4436.4  0.09 0.00
    124  1.55   3166   0.26  0.08  0.06  0.18 0.02 0.02    4417.4  0.09 0.00
    128  1.60   3240   0.27  0.08  0.06  0.19 0.02 0.02    4425.5  0.05 0.01
# red_huge h=0005b568 idx=213 z=2.00000 s=1.00000 value 939.2 vz 4441 facing 0.908 origin px (2553.3,613.9) value 271 px n 135 px | depth at origin 4439.0 (record units; vz 4441.2) min depth within 0.6n 4223.5 -> origin behind nearest rim by 215.5; bias 426.2 spill guard 300.0 soft 0.15v 140.9
   r_px  n_frac   px  engine_RGB(median)      display_RGB(median)  depth(median) frac_min>=1 frac_sky
      0  0.01     49   3.10  1.57  1.27  0.97 0.83 0.78    4439.4  1.00 0.00
      4  0.04    152   2.98  1.54  1.35  0.96 0.82 0.79    4439.4  0.99 0.00
      8  0.07    252   2.75  1.34  1.11  0.96 0.78 0.73    4439.5  0.71 0.00
     12  0.10    350   2.59  1.15  0.88  0.96 0.73 0.66    4439.1  0.34 0.00
     16  0.13    454   2.53  1.01  0.75  0.96 0.70 0.62    4439.5  0.15 0.00
     20  0.16    553   2.50  0.97  0.74  0.96 0.68 0.61    4439.9  0.10 0.00
     24  0.19    651   2.49  0.95  0.72  0.96 0.68 0.61    4438.4  0.05 0.00
     28  0.22    753   2.49  0.94  0.70  0.96 0.67 0.60    4440.1  0.05 0.00
     32  0.25    854   2.44  0.93  0.67  0.96 0.67 0.58    4439.3  0.04 0.00
     36  0.28    953   2.31  1.00  0.75  0.94 0.69 0.60    4438.6  0.25 0.00
     40  0.31   1054   2.20  1.25  1.09  0.91 0.75 0.71    4428.1  0.57 0.00
     44  0.34   1158   1.61  0.87  0.62  0.85 0.62 0.51    4411.2  0.15 0.00
     48  0.37   1260   1.06  0.55  0.44  0.71 0.44 0.36    4427.5  0.00 0.00
     52  0.40   1353   0.75  0.35  0.26  0.57 0.27 0.21    4424.6  0.00 0.00
     56  0.43   1463   0.45  0.20  0.15  0.37 0.12 0.09    4413.5  0.00 0.00
     60  0.46   1554   0.33  0.14  0.10  0.26 0.07 0.04    4393.6  0.00 0.00
     64  0.49   1660   0.32  0.14  0.11  0.25 0.07 0.04    4383.3  0.00 0.00
     68  0.52   1760   0.33  0.13  0.10  0.26 0.06 0.04    4376.3  0.01 0.00
     72  0.55   1867   0.33  0.12  0.10  0.26 0.06 0.05    4479.5  0.01 0.00
     76  0.58   1950   0.32  0.11  0.10  0.25 0.05 0.05    4557.4  0.01 0.00
     80  0.61   2070   0.32  0.11  0.09  0.25 0.05 0.04    4532.5  0.01 0.08
     84  0.64   2156   0.32  0.10  0.08  0.25 0.04 0.03    4514.2  0.01 0.11
     88  0.66   2267   0.29  0.08  0.07  0.22 0.03 0.02    4508.6  0.01 0.14
     92  0.69   2356   0.26  0.08  0.06  0.18 0.02 0.02    4450.4  0.00 0.15
     96  0.72   2465   0.27  0.07  0.06  0.20 0.02 0.02    4425.5  0.01 0.17
    100  0.75   2559   0.26  0.07  0.06  0.19 0.02 0.02    4369.7  0.00 0.18
    104  0.78   2667   0.25  0.07  0.05  0.18 0.02 0.01    4373.3  0.00 0.19
    108  0.81   2760   0.25  0.06  0.05  0.17 0.02 0.01    4380.7  0.00 0.21
    112  0.84   2865   0.21  0.06  0.05  0.13 0.02 0.01    4392.5  0.00 0.23
    116  0.87   2966   0.17  0.05  0.04  0.09 0.01 0.01    4386.1  0.00 0.27
    120  0.90   3069   0.15  0.05  0.03  0.07 0.01 0.01    4382.8  0.00 0.29
    124  0.93   3165   0.14  0.04  0.03  0.07 0.01 0.01    4380.4  0.03 0.30
    128  0.96   3271   0.14  0.03  0.03  0.06 0.01 0.01    4356.4  0.04 0.34
    132  0.99   3366   0.15  0.03  0.03  0.07 0.01 0.00    4318.6  0.03 0.36
    136  1.02   3475   0.14  0.04  0.03  0.07 0.01 0.00    4305.6  0.02 0.40
    140  1.05   3567   0.13  0.03  0.02  0.06 0.00 0.00    4278.7  0.02 0.43
    144  1.08   3667   0.11  0.03  0.02  0.04 0.00 0.00    4250.2  0.02 0.45
    148  1.11   3773   0.09  0.03  0.02  0.03 0.00 0.00    4221.6  0.02 0.46
    152  1.14   3874   0.06  0.03  0.02  0.02 0.00 0.00    4172.5  0.03 0.48
    156  1.17   3968   0.05  0.02  0.02  0.01 0.00 0.00    2061.1  0.03 0.50
    160  1.20   4072   0.04  0.02  0.01  0.01 0.00 0.00      -1.0  0.03 0.51
    164  1.23   4169   0.03  0.01  0.01  0.00 0.00 0.00      -1.0  0.04 0.52
    168  1.26   4270   0.03  0.00  0.00  0.00 0.00 0.00      -1.0  0.04 0.55
    172  1.29   4373   0.01  0.00  0.00  0.00 0.00 0.00      -1.0  0.03 0.56
    176  1.32   4475   0.00  0.00  0.00  0.00 0.00 0.00      -1.0  0.03 0.58
    180  1.34   4564   0.00  0.00  0.00  0.00 0.00 0.00      -1.0  0.03 0.60
    184  1.37   4684   0.00  0.00  0.00  0.00 0.00 0.00      -1.0  0.02 0.61
    188  1.40   4766   0.00  0.00  0.00  0.00 0.00 0.00      -1.0  0.02 0.62
    192  1.43   4876   0.00  0.00  0.00  0.00 0.00 0.00      -1.0  0.02 0.63
    196  1.46   4984   0.00  0.00  0.00  0.00 0.00 0.00      -1.0  0.02 0.63
    200  1.49   5079   0.00  0.00  0.00  0.00 0.00 0.00      -1.0  0.02 0.64
    204  1.52   5173   0.00  0.00  0.00  0.00 0.00 0.00      -1.0  0.02 0.65
    208  1.55   5286   0.00  0.00  0.00  0.00 0.00 0.00      -1.0  0.02 0.67
    212  1.58   5381   0.00  0.00  0.00  0.00 0.00 0.00      -1.0  0.01 0.69
    216  1.61   5274   0.00  0.00  0.00  0.00 0.00 0.00      -1.0  0.00 0.71
# red_huge h=0005b569 idx=214 z=2.00000 s=1.00000 value 939.2 vz 4270 facing 0.955 origin px (2450.8,749.9) value 282 px n 141 px | depth at origin 4269.4 (record units; vz 4269.8) min depth within 0.6n 3950.6 -> origin behind nearest rim by 318.8; bias 448.4 spill guard 300.0 soft 0.15v 140.9
   r_px  n_frac   px  engine_RGB(median)      display_RGB(median)  depth(median) frac_min>=1 frac_sky
      0  0.01     50   3.06  1.54  1.24  0.97 0.82 0.77    4269.3  1.00 0.00
      4  0.04    150   2.94  1.54  1.38  0.96 0.82 0.79    4269.3  0.99 0.00
      8  0.07    253   2.72  1.35  1.10  0.96 0.78 0.73    4269.0  0.70 0.00
     12  0.10    350   2.58  1.16  0.90  0.96 0.74 0.67    4269.6  0.36 0.00
     16  0.13    452   2.51  1.03  0.79  0.96 0.70 0.63    4269.0  0.20 0.00
     20  0.16    557   2.49  0.98  0.75  0.96 0.69 0.62    4269.5  0.11 0.00
     24  0.18    648   2.48  0.95  0.70  0.96 0.68 0.60    4269.4  0.07 0.00
     28  0.21    757   2.47  0.93  0.69  0.96 0.67 0.60    4269.0  0.05 0.00
     32  0.24    848   2.43  0.93  0.69  0.95 0.67 0.59    4269.4  0.03 0.00
     36  0.27    958   2.33  0.99  0.73  0.94 0.68 0.60    4269.6  0.09 0.00
     40  0.30   1057   2.39  1.32  1.22  0.94 0.77 0.75    4265.8  0.73 0.00
     44  0.33   1153   2.19  1.32  1.04  0.91 0.77 0.70    4238.6  0.54 0.00
     48  0.36   1261   1.49  0.80  0.55  0.82 0.59 0.47    4202.7  0.09 0.00
     52  0.38   1355   0.85  0.46  0.35  0.62 0.37 0.29    4221.3  0.01 0.00
     56  0.41   1461   0.56  0.28  0.21  0.45 0.21 0.15    4228.5  0.00 0.00
     60  0.44   1556   0.32  0.16  0.12  0.25 0.08 0.05    4227.4  0.00 0.00
     64  0.47   1662   0.26  0.08  0.07  0.19 0.03 0.02    4210.5  0.00 0.00
     68  0.50   1757   0.24  0.07  0.06  0.17 0.02 0.01    4206.6  0.00 0.00
     72  0.53   1859   0.23  0.06  0.05  0.16 0.02 0.01    4212.6  0.00 0.00
     76  0.55   1964   0.23  0.06  0.05  0.15 0.02 0.01    4245.2  0.00 0.00
     80  0.58   2058   0.23  0.06  0.05  0.15 0.02 0.01    4235.4  0.00 0.00
     84  0.61   2161   0.23  0.06  0.05  0.15 0.02 0.01    4213.2  0.00 0.00
     88  0.64   2267   0.23  0.06  0.05  0.15 0.02 0.01    4205.5  0.01 0.00
     92  0.67   2359   0.23  0.07  0.06  0.16 0.02 0.02    4209.4  0.01 0.00
     96  0.70   2465   0.24  0.07  0.06  0.16 0.02 0.02    4238.1  0.01 0.00
    100  0.72   2559   0.18  0.07  0.05  0.10 0.02 0.01    4278.1  0.01 0.00
    104  0.75   2656   0.14  0.07  0.05  0.06 0.02 0.01    4313.3  0.01 0.00
    108  0.78   2771   0.17  0.07  0.06  0.09 0.02 0.02    4336.1  0.02 0.00
    112  0.81   2865   0.18  0.07  0.05  0.10 0.02 0.02    4354.2  0.00 0.00
    116  0.84   2964   0.19  0.08  0.06  0.12 0.03 0.02    4414.8  0.00 0.00
    120  0.87   3069   0.19  0.08  0.06  0.11 0.02 0.02    4432.7  0.00 0.00
    124  0.90   3171   0.16  0.07  0.06  0.08 0.02 0.02    4451.6  0.00 0.00
    128  0.92   3256   0.18  0.07  0.06  0.10 0.02 0.02    4455.0  0.00 0.00
    132  0.95   3383   0.17  0.07  0.05  0.09 0.02 0.01    4438.3  0.00 0.02
    136  0.98   3457   0.16  0.06  0.05  0.08 0.02 0.01    4428.7  0.00 0.08
    140  1.01   3574   0.11  0.05  0.04  0.04 0.01 0.01    4431.9  0.00 0.09
    144  1.04   3666   0.09  0.05  0.04  0.03 0.01 0.01    4445.3  0.01 0.10
    148  1.07   3769   0.10  0.05  0.04  0.03 0.01 0.01    4448.5  0.01 0.11
    152  1.09   3871   0.10  0.05  0.04  0.03 0.01 0.01    4457.1  0.01 0.10
    156  1.12   3977   0.10  0.05  0.04  0.03 0.01 0.01    4451.8  0.01 0.14
    160  1.15   4068   0.10  0.05  0.04  0.03 0.01 0.01    4444.9  0.02 0.17
    164  1.18   4169   0.09  0.06  0.05  0.03 0.01 0.01    4453.9  0.03 0.17
    168  1.21   4278   0.09  0.06  0.05  0.03 0.01 0.01    4447.1  0.03 0.18
    172  1.24   4363   0.10  0.06  0.05  0.03 0.02 0.01    4447.9  0.03 0.20
    176  1.26   4475   0.12  0.06  0.05  0.05 0.02 0.01    4449.5  0.03 0.21
    180  1.29   4580   0.13  0.06  0.05  0.06 0.02 0.01    4449.5  0.04 0.23
    184  1.32   4670   0.12  0.06  0.05  0.05 0.02 0.01    4446.5  0.04 0.25
    188  1.35   4775   0.08  0.04  0.03  0.02 0.01 0.01    4441.4  0.04 0.27
    192  1.38   4880   0.05  0.03  0.02  0.01 0.00 0.00    4436.6  0.04 0.29
    196  1.41   4970   0.05  0.03  0.02  0.01 0.00 0.00    4409.7  0.04 0.33
    200  1.43   5090   0.04  0.03  0.02  0.01 0.00 0.00    4421.9  0.05 0.35
    204  1.46   5178   0.05  0.03  0.02  0.01 0.00 0.00    4440.7  0.07 0.35
    208  1.49   5266   0.08  0.04  0.04  0.02 0.01 0.01    4424.7  0.08 0.35
    212  1.52   5385   0.12  0.05  0.04  0.05 0.01 0.01    4392.8  0.06 0.34
    216  1.55   5480   0.11  0.05  0.04  0.04 0.01 0.01    4386.5  0.05 0.34
    220  1.58   5573   0.12  0.05  0.04  0.05 0.01 0.01    4418.8  0.04 0.34
    224  1.61   5659   0.09  0.05  0.03  0.03 0.01 0.01    4431.2  0.04 0.35
