/tmp/x3-bottleX3-run263 10979+32: frame marked marked_hull marked_sky_d1-2 reset_takers takers_cur_only takers_age1
  10980 2693 0 2693 1881 1475 1822
  10981 2612 0 2612 1790 574 768
  10982 2591 0 2591 1832 483 605
  10983 2662 0 2662 1751 453 611
  10984 2649 0 2649 1833 490 642
  10985 2660 0 2660 1799 504 652
  10986 2649 0 2649 1827 468 587
  10987 2669 0 2669 1685 533 687
  10988 2660 0 2660 1872 410 529
  10989 2621 0 2621 1722 570 726
  10990 2654 0 2654 1793 421 548
  10991 2638 0 2638 1828 472 615
  10992 2612 0 2612 1765 445 563
  10993 2684 0 2684 1759 479 624
  10994 2675 0 2675 1794 458 583
  10995 2669 0 2669 1679 567 725
  10996 2692 0 2692 1864 422 531
  10997 2672 0 2672 1714 576 748
  10998 2696 0 2696 1756 449 598
  10999 2686 0 2686 1688 490 619
  11000 2715 0 2715 1735 462 594
  11001 2759 0 2759 1830 533 696
  11002 2750 0 2750 1777 447 593
  11003 2765 0 2765 1717 559 770
  11004 2821 0 2821 1836 372 511
  11005 2834 0 2834 1744 634 818
  11006 2829 0 2829 1776 512 674
  11007 2783 0 2783 1858 544 717
  11008 2668 0 2668 1733 544 711
  11009 2632 0 2632 1814 546 721
  11010 2620 0 2620 1693 548 684
 per-frame median 2669 0 2669 1777 490 642  max 2834 0 2834 1881 1475 1822  total 83320 0 83320 55145 16440 21272
 age histogram last frame (sky / hull): [  3450  10115  80859  75320 769259] [  211  1195  2416  1209 39006]
