/tmp/x3-bottleX3-run263 6104+32: frame marked marked_hull marked_sky_d1-2 reset_takers takers_cur_only takers_age1
  6105 2665 0 2665 1948 1333 1736
  6106 2746 0 2746 1773 548 692
  6107 2673 0 2673 1754 648 857
  6108 2705 0 2705 1884 442 571
  6109 2740 0 2740 1712 640 835
  6110 2773 0 2773 1779 540 706
  6111 2753 0 2753 1877 509 667
  6112 2815 0 2815 1729 569 740
  6113 2814 0 2814 1901 565 725
  6114 2858 0 2858 1782 574 739
  6115 2861 0 2861 1792 661 878
  6116 2830 0 2830 2011 512 666
  6117 2841 0 2841 1761 658 851
  6118 2809 0 2809 1840 584 767
  6119 2774 0 2774 1896 538 707
  6120 2801 0 2801 1736 589 784
  6121 2847 0 2847 1863 563 735
  6122 2767 0 2767 1761 606 786
  6123 2762 0 2762 1694 669 876
  6124 2767 0 2767 1842 523 667
  6125 2696 0 2696 1714 734 933
  6126 2707 0 2707 1564 507 656
  6127 2691 0 2691 1811 604 791
  6128 2617 0 2617 1646 609 801
  6129 2647 0 2647 1733 549 744
  6130 2566 0 2566 1638 592 778
  6131 2558 0 2558 1568 608 837
  6132 2465 0 2465 1708 509 685
  6133 2405 0 2405 1522 603 824
  6134 2282 0 2282 1448 529 693
  6135 2123 0 2123 1578 562 724
 per-frame median 2746 0 2746 1761 574 744  max 2861 0 2861 2011 1333 1736  total 83358 0 83358 54265 18677 24451
 age histogram last frame (sky / hull): [  4324   7615  21592  76134 828750] [  209  1473  2734  1872 38337]
