armed 5804 -> 6104
armed 10679 -> 10979
burst 6104-6135: frame trans dang_deg rotation_deg gate6 cut
  6104 98.3 0.0000 0.0000 0 0
  6105 862.5 0.0000 0.0000 2 0
  6106 862.5 0.0000 0.0000 0 0
  6107 862.5 0.0000 0.0000 0 0
  6108 862.5 0.0000 0.0000 0 0
  6109 862.5 0.0000 0.0000 0 0
  6110 862.5 0.0000 0.0000 0 0
  6111 862.5 0.0000 0.0000 0 0
  6112 862.5 0.0000 0.0000 0 0
  6113 862.5 0.0000 0.0000 0 0
  6114 862.5 0.0000 0.0000 0 0
  6115 862.5 0.0000 0.0000 0 0
  6116 862.5 0.0000 0.0000 8 0
  6117 862.5 0.0000 0.0000 0 0
  6118 862.5 0.0000 0.0000 0 0
  6119 862.5 0.0000 0.0000 0 0
  6120 862.5 0.0000 0.0000 0 0
  6121 862.5 0.0000 0.0000 0 0
  6122 862.5 0.0000 0.0000 0 0
  6123 862.5 0.0000 0.0000 2 0
  6124 862.5 0.0000 0.0000 0 0
  6125 862.5 0.0000 0.0000 0 0
  6126 862.5 0.0000 0.0000 55 0
  6127 862.5 0.0000 0.0000 0 0
  6128 862.5 0.0000 0.0000 27 0
  6129 862.5 0.0000 0.0000 27 0
  6130 862.5 0.0000 0.0000 4 0
  6131 862.5 0.0000 0.0000 17 0
  6132 862.5 0.0000 0.0000 3 0
  6133 862.5 0.0000 0.0000 1 0
  6134 862.5 0.0000 0.0000 0 0
  6135 862.5 0.0000 0.0000 0 0
  ums [(6126, '34')]
burst 10979-11010: frame trans dang_deg rotation_deg gate6 cut
  10979 77.6 0.2301 0.2304 0 0
  10980 862.5 0.2301 0.2304 0 0
  10981 862.5 0.2301 0.2304 0 0
  10982 862.5 0.2301 0.2304 0 0
  10983 862.5 0.2301 0.2304 0 0
  10984 862.5 0.2301 0.2304 0 0
  10985 862.5 0.2301 0.2304 0 0
  10986 862.5 0.2301 0.2304 0 0
  10987 862.5 0.2301 0.2304 0 0
  10988 862.5 0.2301 0.2304 0 0
  10989 862.5 0.2301 0.2304 15 0
  10990 862.5 0.2301 0.2304 0 0
  10991 862.5 0.2301 0.2304 0 0
  10992 862.5 0.2301 0.2304 0 0
  10993 862.5 0.2301 0.2304 0 0
  10994 862.5 0.2301 0.2304 0 0
  10995 862.5 0.2301 0.2304 2 0
  10996 862.5 0.2301 0.2304 0 0
  10997 862.5 0.2301 0.2304 0 0
  10998 862.5 0.2301 0.2304 0 0
  10999 862.5 0.2301 0.2304 41 0
  11000 862.5 0.2301 0.2304 14 0
  11001 862.5 0.2301 0.2304 0 0
  11002 862.5 0.2301 0.2304 2 0
  11003 862.5 0.2301 0.2304 4 0
  11004 862.5 0.2301 0.2304 2 0
  11005 862.5 0.2301 0.2304 2 0
  11006 862.5 0.2301 0.2304 4 0
  11007 862.5 0.2301 0.2304 0 0
  11008 862.5 0.2301 0.2304 0 0
  11009 862.5 0.2301 0.2304 0 0
  11010 862.5 0.2301 0.2304 0 0
  ums [(10999, '34')]
