frame object_rows object_hash camera_t r00 r12
3349 0 - 6277.168,-2615.993,64875.27 0.5572968 -0.02067566
3350 0 - 6277.168,-2615.993,64875.27 0.5572968 -0.02067566
3351 7902 9bd42c87aaaa 6277.168,-2615.993,64875.27 0.5572968 -0.02067566
3352 7902 50094e3bad1a 6277.168,-2615.993,64875.27 0.5572968 -0.02067566
3353 7902 14bb87de171e 6277.168,-2615.993,64875.27 0.5572968 -0.02067566
3354 7902 cde19a95e8c5 6277.168,-2615.993,64875.27 0.5572968 -0.02067566
3355 7902 d16b69a200ba 6277.168,-2615.993,64875.27 0.5572968 -0.02067566
3356 7902 b4b59784d926 6277.168,-2615.993,64875.27 0.5572968 -0.02067566
3357 7902 19d3f2fc4b14 6277.168,-2615.993,64875.27 0.5572968 -0.02067566
3358 7902 e85effa72733 6277.168,-2615.993,64875.27 0.5572968 -0.02067566
3359 0 - 6277.168,-2615.993,64875.27 0.5572968 -0.02067566
