frame object_rows object_hash camera_t r00 r12
3610 0 - 8459.447,-2315.108,64423.42 0.5584412 0.01878357
3611 0 - 8459.447,-2315.108,64423.42 0.5584412 0.01878357
3612 0 - 8459.447,-2315.108,64423.42 0.5584412 0.01878357
3613 5220 b418a7ce587a 8459.447,-2315.108,64423.42 0.5584412 0.01878357
3614 5220 a79cddbb7ffc 8459.447,-2315.108,64423.42 0.5584412 0.01878357
3615 5220 daf8b0d76a76 8459.447,-2315.108,64423.42 0.5584412 0.01878357
3616 5220 4039836f766d 8459.447,-2315.108,64423.42 0.5584412 0.01878357
3617 5220 2981a95ca5c5 8459.447,-2315.108,64423.42 0.5584412 0.01878357
3618 5220 886e572e081d 8459.447,-2315.108,64423.42 0.5584412 0.01878357
3619 5220 b317d176420f 8459.447,-2315.108,64423.42 0.5584412 0.01878357
3620 5220 9d21e8da57a3 8459.447,-2315.108,64423.42 0.5584412 0.01878357
3621 0 - 8459.447,-2315.108,64423.42 0.5584412 0.01878357
5964 5202 5aca6a0a3421 23322.55,2317.297,15338.17 0.6907196 0.06842041
5965 5220 f7780319cba7 23322.56,2315.795,15165.68 0.6907196 0.06842041
5966 5238 986e7dcff91a 23322.56,2314.294,14993.19 0.6907196 0.06842041
5967 5238 e9c3d4d79335 23322.56,2312.792,14820.7 0.6907196 0.06842041
5968 5238 e94bd4a330bc 23322.56,2311.291,14648.21 0.6907196 0.06842041
5969 5238 c21e684e9532 23322.56,2309.79,14475.72 0.6907196 0.06842041
5970 5238 3559e5586be9 23322.56,2308.289,14303.23 0.6907196 0.06842041
5971 5274 f53eaf0462d5 23322.56,2306.787,14130.74 0.6907196 0.06842041
