file /tmp/x3-bottleX3-run338/session-20260926-162549-212.log
state                 n | lock ms p10/50/90 | dt ms p10/50/90   | dt-lock p10/50/90 | draws p50   | r(l,dt) r(l,dr)
flight_all        19374 |  1.08  3.35  6.75 | 14.14 16.90 21.65 | 10.01 12.10 19.84 |         120 |  -0.02  -0.37
flight_bg14        5741 |  5.00  6.34  7.70 | 16.53 17.38 19.14 |  9.37 11.20 13.79 |         120 |  -0.05  -0.20
flight_bg21        5166 |  0.07  1.81  2.78 | 17.39 20.45 25.10 | 15.76 18.69 23.88 |         238 |  -0.02  -0.09
flight_bg67        8467 |  1.87  3.25  4.35 | 13.85 14.71 16.32 |  9.99 11.59 13.86 |          99 |  -0.03  -0.20
menu               1036 |  0.00  0.00  0.00 | 15.92 16.88 18.29 | 15.92 16.88 18.29 |         496 |    nan    nan
flight_all by draw bin: bin n lock_p50 dt_p50 dt-lock_p50
    0- 49    154   6.98  16.56   9.13
   50- 99   5586   3.95  14.49  10.62
  100-149   7443   4.05  16.39  11.82
  150-199   1619   2.30  17.80  15.55
  200-249   2074   2.03  20.09  18.12
  250-299   1009   2.09  21.76  20.02
  300-349    585   0.65  23.81  22.89
  350-399    874   2.54  24.98  23.01
  400-449     30   2.10  26.51  25.18
