frame dt_p50_us dt_p95_us draws_p50 draw_p50_us draw_native_p50_us scene_p50_us present_p50_us gap_pre_p50_us gap_draw_p50_us gap_post_p50_us | ph:pre_render views view_submit scene_end overlays present
300 17208 27148 495 1864 1342 200 6 3560 10863 167 | 3606 13569 11933 64 4 7
600 21497 25665 245 2477 815 2921 8 7060 8446 693 | 4126 15674 9081 580 8 9
900 21483 22606 238 2532 822 2987 7 6996 8384 550 | 4422 15968 9188 445 14 8
1200 21961 26972 249 2682 878 3199 7 6777 8767 561 | 4845 15898 9374 445 142 8
1500 22919 24299 285 2943 1001 3285 6 6875 9249 571 | 4764 16788 10594 463 12 8
1800 20838 23813 217 2234 765 2968 7 6997 7814 593 | 5425 14431 8325 487 14 8
2100 20436 23619 229 2317 772 2781 7 6952 7596 624 | 6249 12792 8103 524 300 8
2400 24613 26546 347 3475 1171 3262 7 6833 10319 538 | 5932 17088 12161 425 370 8
2700 20090 25189 227 2305 776 3044 8 6613 7261 546 | 5926 13252 8223 424 383 9
3000 17502 21678 170 1753 595 2789 8 6596 5714 535 | 5328 10778 6306 425 389 10
3300 17600 21141 173 1734 588 2881 9 6680 5617 539 | 5688 10696 6237 434 386 10
3600 19194 20775 197 2026 668 3081 9 7150 6256 600 | 5396 12293 7318 489 374 10
3900 19856 24751 197 2042 678 3277 9 7548 6347 650 | 4818 13672 7614 528 12 11
4200 19361 22536 186 1901 635 3331 11 7291 6049 718 | 5057 13018 7123 584 12 12
4500 18204 20852 139 1563 489 3327 8 7237 5470 603 | 5113 12075 6055 489 12 10
4800 19555 23235 184 2004 642 3447 11 7103 6331 654 | 5196 13160 7335 512 12 13
5100 19286 23252 143 1832 568 3501 11 7034 6313 667 | 5329 12727 6858 534 70 13
5400 18742 25813 133 1710 519 3431 11 6853 5774 786 | 5212 12063 6512 650 11 13
5700 24229 27892 275 3157 1059 3443 8 6910 9809 736 | 4998 17873 11163 603 12 9
6000 19957 22617 190 2122 705 3168 11 7104 6599 748 | 5769 12625 7731 616 362 13
6300 20450 21540 189 2179 723 3152 9 7735 6674 729 | 5331 13892 8009 597 12 10
6600 19731 20684 171 2009 658 3074 9 7560 6313 749 | 5602 12888 7481 618 12 10
6900 19268 20350 162 1874 620 3062 10 7455 6088 759 | 5033 12999 7117 625 12 11
7200 19071 21727 162 1853 612 3099 10 7335 5994 774 | 5092 12794 7040 635 12 11
7500 20914 23286 203 2306 767 3242 10 7387 6955 781 | 5417 13706 8408 639 12 12
7800 19465 20958 184 2066 685 2990 11 7115 6583 639 | 6504 11433 7415 501 424 12
8100 19578 21988 187 2086 692 3091 11 7209 6619 771 | 5121 12754 7552 632 14 12
8400 19028 20531 171 1929 644 2924 9 7317 6121 733 | 4741 13087 7213 606 12 10
8700 22442 24870 249 2806 940 3398 11 7162 8170 748 | 5198 15549 10022 618 13 12
