frame dt_p50_us dt_p95_us draws_p50 draw_p50_us draw_native_p50_us scene_p50_us present_p50_us gap_pre_p50_us gap_draw_p50_us gap_post_p50_us | ph:pre_render views view_submit scene_end overlays present
300 14439 19198 459 1674 1306 264 6 2896 9250 252 | 3099 11001 10236 65 4 7
600 15457 19190 497 1838 1440 272 7 2778 10224 287 | 2949 12132 11357 81 4 8
900 15963 19409 505 1884 1476 283 7 2772 10485 279 | 3049 12442 11626 82 4 8
1200 16463 19855 536 1988 1554 277 7 2779 11114 298 | 3005 13167 12356 90 4 8
1500 16572 18985 539 1995 1556 284 7 2829 11154 296 | 3038 13224 12374 82 4 8
1800 16325 19653 535 1966 1535 290 7 2705 10977 305 | 2948 13023 12170 86 4 8
2100 16238 19752 535 1973 1545 281 7 2600 11009 296 | 2799 13065 12225 79 3 8
2400 16087 18889 525 1923 1500 293 7 2654 10839 309 | 2914 12836 11977 86 4 8
2700 15600 18458 515 1868 1453 270 6 2543 10623 282 | 2738 12551 11719 71 3 7
3000 16139 19452 522 1888 1471 280 7 2696 10920 292 | 2950 12867 12017 73 4 8
3300 16007 19055 522 1887 1466 284 7 2616 10900 294 | 2816 12854 12005 79 4 8
3600 15935 19239 522 1878 1459 272 7 2616 10896 275 | 2763 12844 11992 72 4 8
3900 16415 18302 542 1925 1498 259 6 2706 11207 272 | 2858 13183 12366 69 3 7
4200 16147 19032 522 1869 1452 267 6 2755 10904 280 | 2954 12843 11994 74 3 7
