frame dt_p50_us dt_p95_us draws_p50 draw_p50_us draw_native_p50_us scene_p50_us present_p50_us gap_pre_p50_us gap_draw_p50_us gap_post_p50_us | ph:pre_render views view_submit scene_end overlays present
300 17264 21570 527 1889 1454 177 6 3302 11678 137 | 3275 13660 12923 62 3 7
600 16320 18613 124 1218 428 2357 9 8046 4340 307 | 4025 11216 4556 203 375 11
900 16792 18521 151 1447 538 2453 8 8039 4747 268 | 4232 11668 5221 173 344 9
1200 15125 16680 113 1106 398 2253 9 7699 3699 262 | 3925 10775 4198 161 8 10
1500 14650 15730 113 1082 390 2166 8 7514 3620 230 | 5206 9022 4153 130 8 10
1800 14331 15162 107 1308 376 2257 6 6915 3654 195 | 4087 9915 4400 108 6 7
2100 14110 14832 100 1127 350 2209 8 7081 3362 213 | 4136 9538 3893 114 7 10
2400 13786 14472 99 950 333 2050 9 7350 3213 214 | 4499 8863 3625 112 8 10
2700 13934 14428 99 961 337 2090 9 7422 3222 207 | 3342 10207 3645 105 8 10
3000 13947 14752 95 947 329 2152 10 7427 3140 247 | 3914 9688 3536 139 10 12
3300 14129 15353 97 966 335 2193 10 7483 3217 245 | 3300 10380 3641 143 9 11
3600 14452 15176 90 885 315 2278 10 7637 3274 270 | 3881 9686 3147 170 406 11
3900 14519 15331 90 825 288 2244 11 7745 3352 287 | 3492 10183 3119 185 359 13
4200 14143 14757 83 784 272 2139 11 7747 3215 266 | 3635 9699 2940 161 363 13
4500 14306 14832 85 794 276 2162 11 7812 3230 275 | 3767 9598 2978 166 361 13
4800 14539 15165 85 807 280 2222 11 7971 3253 272 | 3610 10071 3018 171 358 13
5100 14622 15432 85 807 278 2140 10 8149 3256 257 | 4302 9510 3014 158 355 12
5400 14984 15985 88 860 298 2224 10 8221 3390 279 | 4668 9562 3170 172 370 12
5700 14673 15552 77 738 256 2009 12 8565 3086 277 | 4803 8934 2748 170 377 13
6000 13973 14949 61 559 193 2031 13 8369 2606 326 | 5178 7965 2081 210 376 15
6300 15167 16213 103 1086 401 2188 8 7628 4115 243 | 4080 10224 4372 151 335 9
6600 15939 16642 117 1234 453 2039 8 7879 4530 251 | 5012 10410 5067 153 7 9
6900 15788 16678 121 1285 460 1987 8 7769 4547 244 | 3700 11323 5173 146 7 10
7200 15429 16102 102 1102 404 2019 8 7752 4239 237 | 3985 10972 4608 143 7 10
7500 15937 17908 114 1232 437 2006 9 7900 4399 233 | 5150 10240 4938 137 7 10
7800 16021 16460 120 1247 442 1953 8 8181 4384 217 | 4471 11189 4955 123 7 9
8100 16184 17353 120 1229 437 2026 8 8374 4345 232 | 5830 10012 4907 131 7 10
8400 16200 17699 121 1218 437 2008 7 8449 4255 219 | 6034 9730 4836 123 7 9
8700 14343 15085 82 746 260 2122 11 7991 3071 288 | 6044 7455 2820 183 369 12
9000 15953 19842 495 1780 1373 174 6 3551 10657 144 | 3542 12494 11748 70 5 7
9300 17437 20214 531 1912 1476 179 6 3660 11609 147 | 3339 13724 12822 76 5 7
9600 17663 19789 120 1062 374 2841 11 10150 3710 334 | 3109 13853 3932 225 11 13
9900 17915 19295 134 1140 408 2883 11 9736 3858 315 | 3184 14080 4215 208 9 12
10200 17633 18220 119 990 353 2835 11 10184 3280 307 | 3176 13781 3773 197 11 12
10500 17805 18605 133 1125 400 2885 10 9694 3740 290 | 3240 13849 4187 187 10 12
10800 17741 20926 109 946 344 2787 12 10505 3199 327 | 3407 13671 3612 213 11 14
11100 17443 18166 88 792 277 2702 12 10743 2761 339 | 3963 12857 3050 226 13 14
11400 17300 20479 132 1102 399 2788 11 9265 3700 320 | 3419 13049 3899 208 12 12
11700 18054 19290 137 1182 422 2673 8 9957 3952 235 | 3316 14092 4359 137 6 10
12000 17038 17814 116 1051 363 2651 7 9567 3575 215 | 3566 12997 3854 123 6 8
12300 17246 18019 120 1080 377 2649 7 9613 3616 240 | 3124 13641 3978 147 6 8
12600 16916 17589 113 957 348 2638 7 9625 3476 227 | 3437 12969 3644 136 9 8
12900 20983 22328 365 2207 934 2243 9 9669 6969 252 | 3050 17247 8467 147 8 10
13200 20849 22167 334 2072 877 2359 9 9389 6744 260 | 3030 16582 8170 154 7 10
13500 17385 21857 204 1310 538 2296 9 9432 4332 257 | 2884 13929 4961 153 10 10
13800 16534 17433 118 856 329 2386 11 9872 3060 289 | 4166 11859 3186 176 11 13
14100 16556 17383 58 464 163 2304 10 11594 2026 247 | 4662 11404 1802 140 10 12
14400 17024 17932 64 484 173 2263 10 11998 2004 266 | 4529 12044 1871 161 9 12
14700 17234 18302 64 478 171 2235 9 12504 1940 222 | 3410 13079 1824 124 9 10
15000 17341 19025 125 978 381 2302 9 10336 3365 258 | 3167 13290 3321 158 351 11
15300 18745 25421 494 2084 1357 198 6 5669 10649 170 | 3772 13802 11796 86 8 7
15600 20214 22085 234 2318 768 2596 7 6936 7800 673 | 3806 14737 8354 574 13 8
15900 20529 21736 238 2350 802 2575 7 6924 8027 629 | 4121 15138 8560 532 294 8
16200 19978 23960 221 2234 753 2668 7 6820 7653 638 | 4345 14175 8133 538 278 8
16500 20058 23605 218 2204 739 2798 7 6866 7583 628 | 4493 14094 7998 531 284 9
16800 20899 25898 245 2464 814 2891 7 6858 8023 623 | 5875 14180 8667 523 297 8
17100 24102 26812 336 3404 1114 3126 8 7011 10014 641 | 5453 16606 11762 534 302 9
17400 19323 20703 209 2099 707 2917 8 6712 6939 675 | 5036 12736 7947 572 11 9
17700 17024 18824 160 1665 547 2686 8 6622 5327 651 | 5245 10564 6209 545 11 9
18000 18584 20910 195 2026 663 2925 8 6838 5984 681 | 5393 12396 7288 574 11 9
18300 17347 19538 156 1653 541 2810 9 6991 5190 680 | 4136 12098 6138 573 11 10
18600 21380 26016 259 2649 873 2784 8 7009 8489 657 | 4044 16148 9538 544 11 9
18900 24121 26874 306 3171 1045 3034 8 7104 9904 674 | 4268 18380 11336 553 11 9
19200 21669 23539 257 2657 875 2847 7 6958 8492 672 | 5705 14922 9600 561 11 9
19500 25252 27233 373 3734 1233 3170 8 6813 10874 683 | 5382 18730 13343 562 11 9
19800 22400 25971 298 2980 994 3149 8 6636 8879 680 | 4289 16672 10710 564 11 9
20100 20090 23090 240 2441 820 3044 8 6549 7566 665 | 4132 14803 8893 557 11 9
20400 19592 20581 233 2251 806 2730 8 6481 7516 612 | 3828 14569 8773 514 11 9
