win dt_ms draws issued node_walk_us node_not_ship node_children node_roots stage_us records ribbons_live ships ships_drawn lights
     0 11.0 187.0 179.0 0.0 0.0 0.0 0.0 35.6 4.0 4.0 2.0 2.0 4.0
   900 12.0 205.0 199.0 0.0 0.0 0.0 0.0 41.6 4.0 4.0 2.0 2.0 4.0
  1800 10.0 175.0 161.0 0.0 0.0 0.0 0.0 44.2 12.0 12.0 2.0 2.0 12.0
  2700 10.0 158.0 138.0 0.0 0.0 0.0 0.0 44.1 12.0 12.0 2.0 2.0 12.0
  3600 13.0 207.0 167.0 0.0 0.0 0.0 0.0 48.1 12.0 12.0 2.0 2.0 12.0
  4500 13.0 209.0 194.0 0.0 0.0 0.0 0.0 48.7 12.0 12.0 2.0 2.0 12.0
  5400 14.0 220.0 208.0 0.0 0.0 0.0 0.0 48.3 13.0 12.0 2.0 2.0 12.0
  6300 13.0 235.0 219.0 0.0 0.0 0.0 0.0 49.2 12.0 12.0 2.0 2.0 12.0
  7200 15.0 241.5 228.0 0.0 0.0 0.0 0.0 53.7 13.5 12.0 3.0 3.0 12.0
  8100 16.0 293.0 278.5 0.0 0.0 0.0 0.0 50.9 16.0 16.0 3.0 3.0 16.0
  9000 14.0 235.0 223.0 0.0 0.0 0.0 0.0 48.6 12.0 12.0 2.0 2.0 12.0
