win dt_ms draws issued node_walk_us node_not_ship node_children node_roots stage_us records ribbons_live ships ships_drawn lights
     0 9.0 59.0 59.0 1.3 0.0 0.0 0.0 0.0 0.0 0.0 2.0 2.0 12.0
   900 14.0 202.0 195.5 36.3 161.0 100.0 2.0 51.0 12.0 12.0 2.0 2.0 12.0
  1800 12.0 176.0 162.0 26.5 128.0 100.0 2.0 51.6 12.0 12.0 2.0 2.0 12.0
  2700 13.0 174.0 138.0 28.4 105.0 100.0 2.0 51.4 12.0 12.0 2.0 2.0 12.0
  3600 14.0 206.0 175.0 29.0 129.0 100.0 2.0 50.1 12.0 12.0 2.0 2.0 12.0
  4500 13.0 125.0 109.0 29.0 67.0 100.0 2.0 50.9 12.0 12.0 2.0 2.0 12.0
  5400 15.0 211.0 197.0 32.7 152.0 100.0 2.0 54.2 16.0 12.0 2.0 2.0 12.0
  6300 16.0 238.0 226.0 37.0 181.0 100.0 2.0 55.6 16.0 12.0 2.0 2.0 12.0
  7200 16.0 190.0 184.0 43.5 141.0 100.0 2.0 58.8 12.0 12.0 2.0 2.0 12.0
  8100 20.0 226.0 211.0 36.4 160.0 100.0 2.0 61.8 16.0 12.0 2.0 2.0 12.0
  9000 18.0 171.0 157.0 35.8 114.0 100.0 2.0 64.3 12.0 12.0 2.0 2.0 12.0
  9900 20.0 164.0 149.0 39.6 105.0 100.0 2.0 70.7 12.0 12.0 2.0 2.0 12.0
 10800 16.0 99.0 87.0 67.1 23.0 166.0 5.0 71.6 21.0 21.0 5.0 5.0 21.0
 11700 18.0 264.0 242.0 30.3 182.0 126.0 3.0 55.7 14.0 14.0 3.0 3.0 14.0
 12600 8.0 56.0 56.0 1.0 201.0 0.0 0.0 0.0 0.0 0.0 0.0 0.0 0.0
