# commands: extract.py <log> <out.json>; analyze.py <out.json> <run_dir> <prefix> 0 0.01 0.05; table.py <tol> run14_summary.json run15_summary.json; breakdown.py <prefix>_draws.jsonl <frame> 0.01
## tol=0.0 (fraction of the box's nearest view depth)
run frame draws boxes sub sub_box | full mostly | full_prims full_verts mostly_prims | hull_full | us/draw full_ms mostly_ms | eng_small eng_dock proxy_props | covered_px
x3-bottleX3-run14 4220 199 133 132 93 | 38 38 | 15457 29023 15457 | 3 | 26.7 1.015 1.015 | 165 19 25 | 0.042
x3-bottleX3-run14 4221 194 133 132 93 | 38 38 | 15457 29023 15457 | 3 | 26.7 1.015 1.015 | 163 19 25 | 0.043
x3-bottleX3-run14 4222 201 133 139 93 | 38 38 | 15457 29023 15457 | 4 | 26.7 1.015 1.015 | 157 18 25 | 0.044
x3-bottleX3-run14 4223 199 140 137 100 | 38 41 | 13100 25190 15517 | 2 | 26.7 1.015 1.095 | 147 18 23 | 0.045
x3-bottleX3-run14 4224 204 145 144 107 | 46 50 | 13902 27456 15975 | 3 | 26.7 1.228 1.335 | 147 17 23 | 0.045
x3-bottleX3-run14 4225 218 159 158 121 | 58 62 | 14089 27421 16501 | 2 | 26.7 1.549 1.656 | 141 15 23 | 0.046
x3-bottleX3-run14 4226 216 157 158 121 | 61 62 | 14782 28892 16501 | 2 | 26.7 1.629 1.656 | 141 15 23 | 0.046
x3-bottleX3-run14 4227 220 163 163 128 | 66 70 | 14537 28155 16943 | 3 | 26.7 1.762 1.869 | 140 14 21 | 0.047
x3-bottleX3-run14 6115 227 192 174 163 | 70 82 | 16277 30277 19271 | 0 | 26.1 1.828 2.141 | 46 12 0 | 0.208
x3-bottleX3-run14 6116 218 185 167 156 | 71 82 | 17103 31879 19271 | 0 | 26.1 1.854 2.141 | 46 12 0 | 0.207
x3-bottleX3-run14 6117 218 185 167 156 | 71 82 | 17103 31879 19271 | 0 | 26.1 1.854 2.141 | 46 12 0 | 0.205
x3-bottleX3-run14 6118 222 185 167 156 | 71 82 | 17103 31879 19271 | 0 | 26.1 1.854 2.141 | 49 12 0 | 0.204
x3-bottleX3-run14 6119 218 185 167 156 | 71 83 | 17103 31879 20990 | 0 | 26.1 1.854 2.167 | 46 12 0 | 0.202
x3-bottleX3-run14 6120 218 185 167 156 | 71 84 | 17103 31879 22709 | 0 | 26.1 1.854 2.194 | 46 12 0 | 0.201
x3-bottleX3-run14 6121 222 185 167 156 | 71 84 | 18806 33834 22709 | 0 | 26.1 1.854 2.194 | 49 12 0 | 0.2
x3-bottleX3-run14 6122 221 185 167 156 | 72 84 | 18822 33866 22709 | 0 | 26.1 1.88 2.194 | 48 12 0 | 0.199
x3-bottleX3-run14 6293 238 203 190 177 | 91 104 | 19605 36574 22665 | 0 | 26.1 2.376 2.716 | 46 12 0 | 0.157
x3-bottleX3-run14 6294 238 203 190 177 | 93 105 | 19677 36690 22721 | 0 | 26.1 2.429 2.742 | 46 12 0 | 0.15
x3-bottleX3-run14 6295 238 203 190 177 | 92 104 | 19661 36642 21895 | 0 | 26.1 2.402 2.716 | 46 12 0 | 0.144
x3-bottleX3-run14 6296 243 203 190 177 | 93 104 | 19677 36690 21895 | 0 | 26.1 2.429 2.716 | 48 12 0 | 0.139
x3-bottleX3-run14 6297 238 203 190 177 | 93 103 | 19677 36690 21875 | 0 | 26.1 2.429 2.69 | 46 12 0 | 0.134
x3-bottleX3-run14 6298 242 203 190 177 | 92 103 | 19055 35448 21875 | 0 | 26.1 2.402 2.69 | 49 12 0 | 0.13
x3-bottleX3-run14 6299 238 203 190 177 | 92 104 | 19055 35448 23594 | 0 | 26.1 2.402 2.716 | 46 12 0 | 0.126
x3-bottleX3-run14 6300 238 203 190 177 | 95 106 | 21122 37919 25333 | 0 | 26.1 2.481 2.768 | 46 12 0 | 0.122
x3-bottleX3-run15 5116 241 206 190 177 | 85 101 | 20312 36638 25123 | 0 | 27.7 2.356 2.799 | 46 12 0 | 0.181
x3-bottleX3-run15 5117 241 206 190 177 | 82 99 | 21061 36899 24487 | 0 | 27.7 2.273 2.744 | 46 12 0 | 0.179
x3-bottleX3-run15 5118 251 206 190 177 | 82 98 | 21065 36913 24481 | 0 | 27.7 2.273 2.716 | 50 12 0 | 0.178
x3-bottleX3-run15 5119 241 206 190 177 | 85 98 | 22235 38985 24481 | 0 | 27.7 2.356 2.716 | 46 12 0 | 0.177
x3-bottleX3-run15 5120 241 206 190 177 | 82 99 | 21871 38469 24487 | 0 | 27.7 2.273 2.744 | 46 12 0 | 0.176
x3-bottleX3-run15 5121 241 206 190 177 | 87 100 | 22869 40249 25115 | 0 | 27.7 2.411 2.771 | 46 12 0 | 0.174
x3-bottleX3-run15 5122 241 206 190 177 | 86 101 | 22529 39789 25123 | 0 | 27.7 2.383 2.799 | 46 12 0 | 0.172
x3-bottleX3-run15 5123 241 206 190 177 | 91 104 | 22713 40074 25271 | 0 | 27.7 2.522 2.882 | 46 12 0 | 0.168
## tol=0.01 (fraction of the box's nearest view depth)
run frame draws boxes sub sub_box | full mostly | full_prims full_verts mostly_prims | hull_full | us/draw full_ms mostly_ms | eng_small eng_dock proxy_props | covered_px
x3-bottleX3-run14 4220 199 133 132 93 | 33 35 | 14529 26435 14918 | 2 | 26.7 0.881 0.935 | 165 19 25 | 0.042
x3-bottleX3-run14 4221 194 133 132 93 | 34 36 | 14878 27436 15267 | 2 | 26.7 0.908 0.961 | 163 19 25 | 0.043
x3-bottleX3-run14 4222 201 133 139 93 | 33 36 | 14529 26435 15267 | 2 | 26.7 0.881 0.961 | 157 18 25 | 0.044
x3-bottleX3-run14 4223 199 140 137 100 | 32 35 | 12810 24448 14918 | 2 | 26.7 0.855 0.935 | 147 18 23 | 0.045
x3-bottleX3-run14 4224 204 145 144 107 | 34 36 | 13175 25497 14934 | 2 | 26.7 0.908 0.961 | 147 17 23 | 0.045
x3-bottleX3-run14 4225 218 159 158 121 | 40 45 | 13258 25198 15729 | 2 | 26.7 1.068 1.202 | 141 15 23 | 0.046
x3-bottleX3-run14 4226 216 157 158 121 | 42 43 | 13647 26319 15366 | 2 | 26.7 1.122 1.148 | 141 15 23 | 0.046
x3-bottleX3-run14 4227 220 163 163 128 | 48 52 | 14027 26901 16163 | 2 | 26.7 1.282 1.389 | 140 14 21 | 0.047
x3-bottleX3-run14 6115 227 192 174 163 | 67 80 | 16225 30153 18903 | 0 | 26.1 1.75 2.089 | 46 12 0 | 0.208
x3-bottleX3-run14 6116 218 185 167 156 | 69 80 | 17069 31801 18903 | 0 | 26.1 1.802 2.089 | 46 12 0 | 0.207
x3-bottleX3-run14 6117 218 185 167 156 | 66 79 | 16693 31227 18808 | 0 | 26.1 1.724 2.063 | 46 12 0 | 0.205
x3-bottleX3-run14 6118 222 185 167 156 | 68 79 | 16741 31363 18808 | 0 | 26.1 1.776 2.063 | 49 12 0 | 0.204
x3-bottleX3-run14 6119 218 185 167 156 | 65 80 | 16673 31181 20527 | 0 | 26.1 1.697 2.089 | 46 12 0 | 0.202
x3-bottleX3-run14 6120 218 185 167 156 | 65 81 | 16673 31181 22246 | 0 | 26.1 1.697 2.115 | 46 12 0 | 0.201
x3-bottleX3-run14 6121 222 185 167 156 | 66 81 | 18392 33168 22246 | 0 | 26.1 1.724 2.115 | 49 12 0 | 0.2
x3-bottleX3-run14 6122 221 185 167 156 | 67 81 | 18422 33258 22246 | 0 | 26.1 1.75 2.115 | 48 12 0 | 0.199
x3-bottleX3-run14 6293 238 203 190 177 | 87 101 | 19191 35878 21491 | 0 | 26.1 2.272 2.637 | 46 12 0 | 0.157
x3-bottleX3-run14 6294 238 203 190 177 | 87 102 | 19241 35944 21547 | 0 | 26.1 2.272 2.664 | 46 12 0 | 0.15
x3-bottleX3-run14 6295 238 203 190 177 | 88 102 | 19271 36034 21547 | 0 | 26.1 2.298 2.664 | 46 12 0 | 0.144
x3-bottleX3-run14 6296 243 203 190 177 | 88 101 | 19281 36064 21541 | 0 | 26.1 2.298 2.637 | 48 12 0 | 0.139
x3-bottleX3-run14 6297 238 203 190 177 | 88 101 | 19281 36064 21541 | 0 | 26.1 2.298 2.637 | 46 12 0 | 0.134
x3-bottleX3-run14 6298 242 203 190 177 | 87 102 | 18659 34822 21547 | 0 | 26.1 2.272 2.664 | 49 12 0 | 0.13
x3-bottleX3-run14 6299 238 203 190 177 | 86 102 | 18641 34776 23260 | 0 | 26.1 2.246 2.664 | 46 12 0 | 0.126
x3-bottleX3-run14 6300 238 203 190 177 | 91 104 | 20756 37383 24999 | 0 | 26.1 2.376 2.716 | 46 12 0 | 0.122
x3-bottleX3-run15 5116 241 206 190 177 | 78 94 | 19844 35820 23112 | 0 | 27.7 2.162 2.605 | 46 12 0 | 0.181
x3-bottleX3-run15 5117 241 206 190 177 | 77 93 | 20939 36565 23126 | 0 | 27.7 2.134 2.577 | 46 12 0 | 0.179
x3-bottleX3-run15 5118 251 206 190 177 | 75 90 | 20901 36473 22454 | 0 | 27.7 2.079 2.494 | 50 12 0 | 0.178
x3-bottleX3-run15 5119 241 206 190 177 | 76 91 | 20933 36563 23592 | 0 | 27.7 2.106 2.522 | 46 12 0 | 0.177
x3-bottleX3-run15 5120 241 206 190 177 | 74 94 | 20883 36427 23644 | 0 | 27.7 2.051 2.605 | 46 12 0 | 0.176
x3-bottleX3-run15 5121 241 206 190 177 | 78 96 | 21565 37827 24278 | 0 | 27.7 2.162 2.661 | 46 12 0 | 0.174
x3-bottleX3-run15 5122 241 206 190 177 | 78 93 | 21555 37805 23906 | 0 | 27.7 2.162 2.577 | 46 12 0 | 0.172
x3-bottleX3-run15 5123 241 206 190 177 | 81 100 | 21691 37952 24434 | 0 | 27.7 2.245 2.771 | 46 12 0 | 0.168
## tol=0.05 (fraction of the box's nearest view depth)
run frame draws boxes sub sub_box | full mostly | full_prims full_verts mostly_prims | hull_full | us/draw full_ms mostly_ms | eng_small eng_dock proxy_props | covered_px
x3-bottleX3-run14 4220 199 133 132 93 | 16 16 | 9360 15510 9360 | 2 | 26.7 0.427 0.427 | 165 19 25 | 0.042
x3-bottleX3-run14 4221 194 133 132 93 | 16 16 | 9360 15510 9360 | 2 | 26.7 0.427 0.427 | 163 19 25 | 0.043
x3-bottleX3-run14 4222 201 133 139 93 | 16 16 | 9360 15510 9360 | 2 | 26.7 0.427 0.427 | 157 18 25 | 0.044
x3-bottleX3-run14 4223 199 140 137 100 | 15 16 | 7641 13523 9360 | 2 | 26.7 0.401 0.427 | 147 18 23 | 0.045
x3-bottleX3-run14 4224 204 145 144 107 | 16 18 | 7990 14524 10187 | 2 | 26.7 0.427 0.481 | 147 17 23 | 0.045
x3-bottleX3-run14 4225 218 159 158 121 | 24 25 | 8900 16062 10619 | 2 | 26.7 0.641 0.668 | 141 15 23 | 0.046
x3-bottleX3-run14 4226 216 157 158 121 | 24 26 | 8900 16062 10968 | 2 | 26.7 0.641 0.694 | 141 15 23 | 0.046
x3-bottleX3-run14 4227 220 163 163 128 | 31 33 | 9332 16764 11400 | 2 | 26.7 0.828 0.881 | 140 14 21 | 0.047
x3-bottleX3-run14 6115 227 192 174 163 | 45 54 | 13734 25324 16230 | 0 | 26.1 1.175 1.41 | 46 12 0 | 0.208
x3-bottleX3-run14 6116 218 185 167 156 | 45 54 | 14554 26908 16230 | 0 | 26.1 1.175 1.41 | 46 12 0 | 0.207
x3-bottleX3-run14 6117 218 185 167 156 | 44 54 | 14538 26860 16230 | 0 | 26.1 1.149 1.41 | 46 12 0 | 0.205
x3-bottleX3-run14 6118 222 185 167 156 | 44 53 | 14205 25907 15752 | 0 | 26.1 1.149 1.384 | 49 12 0 | 0.204
x3-bottleX3-run14 6119 218 185 167 156 | 42 54 | 14173 25811 17471 | 0 | 26.1 1.097 1.41 | 46 12 0 | 0.202
x3-bottleX3-run14 6120 218 185 167 156 | 43 54 | 14189 25859 18841 | 0 | 26.1 1.123 1.41 | 46 12 0 | 0.201
x3-bottleX3-run14 6121 222 185 167 156 | 44 54 | 15908 27846 18841 | 0 | 26.1 1.149 1.41 | 49 12 0 | 0.2
x3-bottleX3-run14 6122 221 185 167 156 | 45 54 | 15924 27894 18841 | 0 | 26.1 1.175 1.41 | 48 12 0 | 0.199
x3-bottleX3-run14 6293 238 203 190 177 | 57 72 | 15702 29084 18174 | 0 | 26.1 1.488 1.88 | 46 12 0 | 0.157
x3-bottleX3-run14 6294 238 203 190 177 | 57 74 | 15750 29120 18244 | 0 | 26.1 1.488 1.932 | 46 12 0 | 0.15
x3-bottleX3-run14 6295 238 203 190 177 | 56 73 | 15736 29102 18226 | 0 | 26.1 1.462 1.906 | 46 12 0 | 0.144
x3-bottleX3-run14 6296 243 203 190 177 | 58 72 | 16228 29956 18224 | 0 | 26.1 1.515 1.88 | 48 12 0 | 0.139
x3-bottleX3-run14 6297 238 203 190 177 | 57 71 | 16214 29938 17746 | 0 | 26.1 1.488 1.854 | 46 12 0 | 0.134
x3-bottleX3-run14 6298 242 203 190 177 | 59 73 | 15638 28794 17766 | 0 | 26.1 1.541 1.906 | 49 12 0 | 0.13
x3-bottleX3-run14 6299 238 203 190 177 | 56 73 | 14778 27128 19479 | 0 | 26.1 1.462 1.906 | 46 12 0 | 0.126
x3-bottleX3-run14 6300 238 203 190 177 | 57 73 | 16495 29101 21180 | 0 | 26.1 1.488 1.906 | 46 12 0 | 0.122
x3-bottleX3-run15 5116 241 206 190 177 | 48 61 | 16247 28347 19792 | 0 | 27.7 1.33 1.691 | 46 12 0 | 0.181
x3-bottleX3-run15 5117 241 206 190 177 | 46 59 | 16812 28247 19168 | 0 | 27.7 1.275 1.635 | 46 12 0 | 0.179
x3-bottleX3-run15 5118 251 206 190 177 | 44 58 | 16762 28111 19154 | 0 | 27.7 1.219 1.607 | 50 12 0 | 0.178
x3-bottleX3-run15 5119 241 206 190 177 | 45 58 | 16782 28157 19154 | 0 | 27.7 1.247 1.607 | 46 12 0 | 0.177
x3-bottleX3-run15 5120 241 206 190 177 | 44 58 | 16314 27365 19154 | 0 | 27.7 1.219 1.607 | 46 12 0 | 0.176
x3-bottleX3-run15 5121 241 206 190 177 | 47 60 | 16978 28719 19788 | 0 | 27.7 1.303 1.663 | 46 12 0 | 0.174
x3-bottleX3-run15 5122 241 206 190 177 | 47 60 | 16956 28653 19776 | 0 | 27.7 1.303 1.663 | 46 12 0 | 0.172
x3-bottleX3-run15 5123 241 206 190 177 | 51 63 | 17134 28934 19466 | 0 | 27.7 1.413 1.746 | 46 12 0 | 0.168
## breakdown run14 4220 tol=0.01
class draws prims no_box offscreen near full full_prims full_verts full_blend full_atest full_stale full_lt16px mostly
dock 27 4050 0 0 0 5 169 281 0 3 0 1 6
hud_env 17 38846 14 0 0 0 0 0 0 0 0 0 0
hull 43 260013 6 0 0 2 20551 32654 0 0 0 1 2
jet 12 636 12 0 0 0 0 0 0 0 0 0 0
turret 93 48732 27 0 0 28 14360 26154 0 0 0 0 29
unjoined 7 1100 7 0 0 0 0 0 0 0 0 0 0
ocelot hull indices [9, 10, 11] .. [19, 20, 21] hidden sub-part indices min/max (22, 115) hidden before first ocelot hull draw 0
ocelot s ['425']
unjoined Counter({(2, False): 4, (944, False): 1, (4, False): 1, (144, False): 1})
## breakdown run14 6115 tol=0.01
class draws prims no_box offscreen near full full_prims full_verts full_blend full_atest full_stale full_lt16px mostly
dock 69 6642 0 0 0 34 978 2024 0 12 0 0 45
hud_env 15 70992 15 0 0 0 0 0 0 0 0 0 0
hull 31 240289 2 3 0 0 0 0 0 0 0 0 0
jet 10 530 10 0 0 0 0 0 0 0 0 0 0
turret 95 38852 1 28 0 33 15247 28129 0 0 0 0 35
unjoined 7 1034 7 0 0 0 0 0 0 0 0 0 0
ocelot hull indices [6, 7, 8] .. [16, 17, 18] hidden sub-part indices min/max (22, 180) hidden before first ocelot hull draw 0
ocelot s ['679']
unjoined Counter({(2, False): 4, (944, False): 1, (4, False): 1, (78, False): 1})
## breakdown run14 6293 tol=0.01
class draws prims no_box offscreen near full full_prims full_verts full_blend full_atest full_stale full_lt16px mostly
dock 69 6642 0 0 0 34 656 1588 0 11 0 0 47
hud_env 15 70992 15 0 0 0 0 0 0 0 0 0 0
hull 26 190191 0 0 0 0 0 0 0 0 0 0 0
jet 12 636 12 0 0 0 0 0 0 0 0 0 0
turret 109 40544 1 1 0 53 18535 34290 0 0 0 0 54
unjoined 7 966 7 0 0 0 0 0 0 0 0 0 0
ocelot hull indices [6, 7, 8] .. [16, 17, 18] hidden sub-part indices min/max (22, 196) hidden before first ocelot hull draw 0
ocelot s ['596']
unjoined Counter({(2, False): 4, (868, False): 1, (4, False): 1, (86, False): 1})
## breakdown run15 5116 tol=0.01
class draws prims no_box offscreen near full full_prims full_verts full_blend full_atest full_stale full_lt16px mostly
dock 69 6642 0 0 0 28 564 1336 0 11 0 0 42
hud_env 15 70992 15 0 0 0 0 0 0 0 0 0 0
hull 29 240285 0 1 0 0 0 0 0 0 0 0 0
jet 12 636 12 0 0 0 0 0 0 0 0 0 0
turret 109 40544 1 4 0 50 19280 34484 0 0 0 0 52
unjoined 7 1018 7 0 0 0 0 0 0 0 0 0 0
ocelot hull indices [6, 7, 8] .. [16, 17, 18] hidden sub-part indices min/max (22, 196) hidden before first ocelot hull draw 0
ocelot s ['603']
unjoined Counter({(2, False): 4, (920, False): 1, (4, False): 1, (86, False): 1})
