/tmp/x3-bottleX3-run254 6875+32: frame marked marked_hull marked_sky_d1-2 reset_takers takers_cur_only takers_age1
  6876 4372 0 4372 3 0 0
  6877 4451 0 4451 3560 512 700
  6878 4483 0 4483 3175 685 936
  6879 4476 0 4476 3489 535 720
  6880 4494 0 4494 3174 805 1037
  6881 4522 0 4522 3554 598 800
  6882 4532 0 4532 3298 701 917
  6883 4583 0 4583 3580 562 735
  6884 4561 0 4561 3394 713 963
  6885 4613 0 4613 3607 542 698
  6886 4634 0 4634 3274 786 1061
  6887 4636 0 4636 3563 525 750
  6888 4652 0 4652 3321 755 1043
  6889 4624 0 4624 3633 618 828
  6890 4660 0 4660 3372 711 958
  6891 4727 0 4727 3651 546 744
  6892 4731 0 4731 3439 732 969
  6893 4750 0 4750 3772 585 772
  6894 4740 0 4740 3335 805 1054
  6895 4724 0 4724 3629 589 788
  6896 4821 0 4821 3270 802 1084
  6897 4739 0 4739 3771 631 828
  6898 4847 0 4847 3408 703 938
  6899 4806 0 4806 3724 647 865
  6900 4872 0 4872 3475 745 997
  6901 4898 0 4898 3816 606 825
  6902 4880 0 4880 3400 845 1155
  6903 4960 0 4960 3685 585 786
  6904 4959 0 4959 3436 850 1121
  6905 4981 0 4981 3830 666 877
  6906 4911 0 4911 3599 819 1091
 per-frame median 4724 0 4724 3489 666 877  max 4981 0 4981 3830 850 1155  total 145639 0 145639 105237 20204 27040
 age histogram last frame (sky / hull): [  1215   3031   7386   6960 914834] [    6   145  2248  2103 45112]
