/tmp/x3-bottleX3-run254 11177+32: frame marked marked_hull marked_sky_d1-2 reset_takers takers_cur_only takers_age1
  11178 2733 0 2733 2129 1384 1819
  11179 2564 0 2564 1806 691 911
  11180 2483 0 2483 1744 612 842
  11181 2447 0 2447 1591 567 743
  11182 2385 0 2385 1582 597 782
  11183 2310 0 2310 1669 483 626
  11184 2199 0 2199 1492 594 755
  11185 2179 0 2179 1436 501 628
  11186 2170 0 2170 1479 487 612
  11187 2166 0 2166 1398 502 641
  11188 2146 0 2146 1453 457 588
  11189 2114 0 2114 1354 467 598
  11190 2097 0 2097 1359 540 700
  11191 2063 0 2063 1433 408 513
  11192 1988 0 1988 1303 539 711
  11193 2016 0 2016 1236 425 566
  11194 1962 0 1962 1345 474 591
  11195 1976 0 1976 1195 469 598
  11196 1949 0 1949 1281 467 586
  11197 1945 0 1945 1176 395 518
  11198 1953 0 1953 1214 479 610
  11199 1909 0 1909 1304 343 443
  11200 1908 0 1908 1161 428 576
  11201 1836 0 1836 1138 396 507
  11202 1738 0 1738 1247 408 543
  11203 1746 0 1746 1046 369 490
  11204 1736 0 1736 1195 403 508
  11205 1700 0 1700 1063 369 484
  11206 1687 0 1687 1082 427 573
  11207 1665 0 1665 1182 309 415
  11208 1635 0 1635 1087 411 562
 per-frame median 1988 0 1988 1304 467 591  max 2733 0 2733 2129 1384 1819  total 63405 0 63405 42180 15401 20039
 age histogram last frame (sky / hull): [  6033   9316  33764  71468 812495] [    0  1454  2658  2332 43520]
