/tmp/x3-bottleX3-run254 5496+32: frame marked marked_hull marked_sky_d1-2 reset_takers takers_cur_only takers_age1
  5497 2622 0 2622 2411 1796 2251
  5498 2559 0 2559 1845 494 648
  5499 2557 0 2557 1754 509 680
  5500 2561 0 2561 1821 529 675
  5501 2530 0 2530 1804 523 686
  5502 2473 0 2473 1673 576 751
  5503 2486 0 2486 1776 374 481
  5504 2428 0 2428 1655 538 716
  5505 2410 0 2410 1711 502 654
  5506 2397 0 2397 1722 459 591
  5507 2342 0 2342 1677 492 617
  5508 2397 0 2397 1633 423 544
  5509 2417 0 2417 1681 432 562
  5510 2398 0 2398 1595 543 697
  5511 2375 0 2375 1766 401 513
  5512 2330 0 2330 1552 526 692
  5513 2330 0 2330 1645 458 555
  5514 2309 0 2309 1660 394 529
  5515 2242 0 2242 1619 438 570
  5516 2220 0 2220 1557 380 493
  5517 2215 0 2215 1591 375 504
  5518 2247 0 2247 1453 429 588
  5519 2236 0 2236 1628 331 437
  5520 2253 0 2253 1475 468 592
  5521 2206 0 2206 1597 401 516
  5522 2213 0 2213 1515 363 457
  5523 2225 0 2225 1520 378 499
  5524 2142 0 2142 1531 401 516
  5525 2221 0 2221 1485 321 446
  5526 2209 0 2209 1444 460 608
  5527 2222 0 2222 1498 276 386
 per-frame median 2330 0 2330 1633 438 570  max 2622 0 2622 2411 1796 2251  total 72772 0 72772 51294 14990 19454
 age histogram last frame (sky / hull): [  3809  11068  62825  71534 791637] [    0   895  3389  2902 34981]
