armed 5196 -> 5496
armed 6575 -> 6875
armed 10877 -> 11177
burst 5496-5527: frame trans dang_deg rotation_deg gate6 cut
  5496 103.5 0.2549 0.2544 0 0
  5497 862.5 0.2549 0.2544 3 0
  5498 862.5 0.2549 0.2544 2 0
  5499 862.5 0.2549 0.2544 0 0
  5500 862.5 0.2549 0.2544 38 0
  5501 862.5 0.2549 0.2544 0 0
  5502 862.5 0.2549 0.2544 0 0
  5503 862.5 0.2549 0.2544 0 0
  5504 862.5 0.2549 0.2544 19 0
  5505 862.5 0.2549 0.2544 0 0
  5506 862.5 0.2549 0.2544 0 0
  5507 862.5 0.2549 0.2544 0 0
  5508 862.5 0.2549 0.2544 0 0
  5509 862.5 0.2549 0.2544 0 0
  5510 862.5 0.2549 0.2544 0 0
  5511 862.5 0.2549 0.2544 0 0
  5512 862.5 0.2549 0.2544 0 0
  5513 862.5 0.2549 0.2544 0 0
  5514 862.5 0.2549 0.2544 0 0
  5515 862.5 0.2549 0.2544 0 0
  5516 862.5 0.2549 0.2544 0 0
  5517 862.5 0.2549 0.2544 0 0
  5518 862.5 0.2549 0.2544 8 0
  5519 862.5 0.2549 0.2544 0 0
  5520 862.5 0.2549 0.2544 0 0
  5521 862.5 0.2549 0.2544 0 0
  5522 862.5 0.2549 0.2544 25 0
  5523 862.5 0.2549 0.2544 1 0
  5524 862.5 0.2549 0.2544 1 0
  5525 862.5 0.2549 0.2544 14 0
  5526 862.5 0.2549 0.2544 7 0
  5527 862.5 0.2549 0.2544 0 0
  ums [(5500, '38'), (5504, '17')]
burst 6875-6906: frame trans dang_deg rotation_deg gate6 cut
  6875 17.2 0.1715 0.1719 0 0
  6876 172.5 0.1715 0.1719 0 0
  6877 172.5 0.1715 0.1719 0 0
  6878 172.5 0.1715 0.1719 0 0
  6879 172.5 0.1715 0.1719 0 0
  6880 172.5 0.1715 0.1719 0 0
  6881 172.5 0.1715 0.1719 0 0
  6882 172.5 0.1715 0.1719 0 0
  6883 172.5 0.1715 0.1719 0 0
  6884 172.5 0.1715 0.1719 0 0
  6885 172.5 0.1715 0.1719 0 0
  6886 172.5 0.1715 0.1719 0 0
  6887 172.5 0.1715 0.1719 0 0
  6888 172.5 0.1715 0.1719 0 0
  6889 172.5 0.1715 0.1719 0 0
  6890 172.5 0.1715 0.1719 0 0
  6891 172.5 0.1715 0.1719 0 0
  6892 172.5 0.1715 0.1719 0 0
  6893 172.5 0.1715 0.1719 0 0
  6894 172.5 0.1715 0.1719 0 0
  6895 172.5 0.1715 0.1719 0 0
  6896 172.5 0.1715 0.1719 0 0
  6897 172.5 0.1715 0.1719 0 0
  6898 172.5 0.1715 0.1719 0 0
  6899 172.5 0.1715 0.1719 0 0
  6900 172.5 0.1715 0.1719 0 0
  6901 172.5 0.1715 0.1719 0 0
  6902 172.5 0.1715 0.1719 0 0
  6903 172.5 0.1715 0.1719 0 0
  6904 172.5 0.1715 0.1719 0 0
  6905 172.5 0.1715 0.1719 0 0
  6906 172.5 0.1715 0.1719 0 0
  ums []
burst 11177-11208: frame trans dang_deg rotation_deg gate6 cut
  11177 103.5 0.0000 0.0000 0 0
  11178 862.4 0.0000 0.0000 0 0
  11179 862.5 0.0000 0.0000 0 0
  11180 862.5 0.0000 0.0000 1 0
  11181 862.5 0.0000 0.0000 1 0
  11182 862.5 0.0000 0.0000 15 0
  11183 862.5 0.0000 0.0000 0 0
  11184 862.5 0.0000 0.0000 0 0
  11185 862.5 0.0000 0.0000 0 0
  11186 862.5 0.0000 0.0000 21 0
  11187 862.5 0.0000 0.0000 0 0
  11188 862.5 0.0000 0.0000 2 0
  11189 862.5 0.0000 0.0000 2 0
  11190 862.5 0.0000 0.0000 6 0
  11191 862.5 0.0000 0.0000 2 0
  11192 862.5 0.0000 0.0000 2 0
  11193 862.5 0.0000 0.0000 0 0
  11194 862.5 0.0000 0.0000 0 0
  11195 862.5 0.0000 0.0000 0 0
  11196 862.5 0.0000 0.0000 0 0
  11197 862.5 0.0000 0.0000 15 0
  11198 862.5 0.0000 0.0000 25 0
  11199 862.5 0.0000 0.0000 0 0
  11200 862.5 0.0000 0.0000 0 0
  11201 862.5 0.0000 0.0000 25 0
  11202 862.5 0.0000 0.0000 7 0
  11203 862.5 0.0000 0.0000 14 0
  11204 862.5 0.0000 0.0000 0 0
  11205 862.5 0.0000 0.0000 2 0
  11206 862.5 0.0000 0.0000 3 0
  11207 862.5 0.0000 0.0000 1 0
  11208 862.5 0.0000 0.0000 0 0
  ums [(11197, '15')]
