196 3 1 32 32 DXT5
447 2 10 512 128 DXT1
448 3 10 512 128 DXT5
537 2 1 32 32 DXT1
1066 3 11 1024 1024 DXT5
1482 3 12 2048 2048 DXT5
1487 3 12 2048 2048 DXT5
1492 3 11 1024 1024 DXT5
1814 5 6 32 32 DXT5
1815 6 1 32 32 21
1856 0 10 512 128 DXT5
1857 1 10 512 128 DXT5
1916 0 12 2048 2048 DXT1
1917 1 12 2048 2048 DXT5
1918 5 6 32 32 DXT5
1919 6 1 32 32 21
1937 0 11 1024 1024 DXT1
1938 1 11 1024 1024 DXT5
1939 0 11 1024 1024 DXT1
1940 1 11 1024 1024 DXT5
1941 0 12 2048 2048 DXT1
1942 1 12 2048 2048 DXT5
missing []
