win  pre_ms views_ms  p1_pairs_p50 p1_rej_p50 p2_cands_p50  memo_queries/frame memo_hits
    0    5.4    1.7            0          0            0          0 0
  300    5.0    8.1        72068      72000            0         65 854
  600    5.7    8.3        72065      72000            0         87 4
  900    6.5    8.4        72069      72000            0        155 0
 1200    7.9    9.3        72069      72000            0        313 0
 1500    8.7    9.2        72071      72000            0        423 0
 1800   10.0    9.1        72076      72000            0        420 0
 2100   11.3    9.0        72078      72000            0        419 122
 2400   11.9    8.9        72081      72000            0        415 0
 2700   12.8    8.9        72087      72000            0        430 0
 3000   13.5    8.5        72088      72000            0        446 0
 3300   13.9    8.0        72092      72000            0        432 0
 3600   14.3    3.8        72091      72000            0         20 392
 3900   14.9    3.6        72095      72000            0         20 0
 4200   15.2    3.5        72100      72000            0         13 236
 4500   15.9    3.6        72102      72000            0          8 300
 4800   11.2    1.7            0          0            0          0 102
