rep frames      ms/fr  pre  views |00400000 004d6509 004c403e 0048f2dd 004721b6 004e25a8 0050e21e 004d358f  other  (ms/frame per bucket)
R01    4- 302  16.7   5.4   1.7 |    1.91     7.16     0.09     0.00     0.00     0.00     0.20     0.00   7.37
R02  303- 377  66.7   5.4   1.7 |    2.01     5.98     0.12     0.00     0.00     0.00     0.87     0.00  57.73
R07  378- 554  28.3   5.0   8.1 |    1.65     0.54     2.68     0.00     2.51     0.47     0.23     0.00  20.18
R08  555- 844  17.2   5.3   8.2 |    4.49     2.57     2.28     0.00     1.22     0.21     0.14     0.00   6.33
R09  845-1122  18.0   6.1   8.3 |    7.89     5.11     2.39     0.00     1.02     0.02     0.11     0.00   1.45
R10 1123-1359  21.1   7.2   8.8 |    8.36     6.22     3.00     0.00     0.78     0.10     0.24     0.00   2.41
R11 1360-1597  21.0   7.9   9.3 |    7.76     6.84     2.97     0.00     0.96     0.54     0.04     0.00   1.91
R12 1598-1830  21.5   8.7   9.2 |    9.38     7.48     2.66     0.00     0.98     0.44     0.09     0.00   0.45
R13 1831-2056  22.1  10.0   9.1 |    8.00     7.84     3.17     0.00     1.10     0.54     0.09     0.00   1.39
R14 2057-2274  22.9  10.6   9.0 |    8.96     9.31     2.80     0.00     1.02     0.34     0.08     0.00   0.44
R15 2275-2487  23.5  11.3   9.0 |    8.27     8.96     2.79     0.00     0.91     0.40     0.19     0.00   1.94
R16 2488-2695  24.0  11.9   8.9 |    8.57    10.39     3.00     0.00     0.76     0.44     0.08     0.00   0.80
R17 2696-2900  24.4  12.3   8.9 |    8.84    10.80     2.99     0.00     0.81     0.05     0.03     0.00   0.88
R18 2901-3099  25.1  12.8   8.9 |    9.06    11.33     2.75     0.00     0.96     0.46     0.07     0.00   0.51
R19 3100-3300  24.9  13.5   8.5 |    9.09    11.64     2.35     0.00     0.86     0.36     0.10     0.00   0.47
R20 3301-3498  25.3  13.9   8.0 |    8.79    12.18     2.51     0.00     0.81     0.45     0.05     0.00   0.47
R21 3499-3729  21.7  13.9   8.0 |    5.37     9.12     1.38     0.00     1.01     0.19     0.13     0.00   4.45
R22 3730-3990  19.2  14.3   3.8 |    2.35     6.00     0.31     4.98     1.14     0.00     0.94     0.76   2.69
R23 3991-4247  19.5  14.9   3.6 |    4.79    12.74     0.66     0.00     0.77     0.00     0.04     0.00   0.45
R24 4248-4502  19.6  15.2   3.5 |    4.37    11.36     0.45     1.38     0.68     0.00     0.32     0.23   0.83
R25 4503-4749  20.2  15.9   3.6 |    3.97    11.31     0.62     1.75     0.56     0.00     0.36     0.34   1.34
R26 4750-4902  32.7  15.9   3.6 |    4.21    15.12     0.48     2.99     1.01     0.00     0.76     0.44   7.67
