frames 5059
frames with sun on screen (|ndc|<=1) 3820
on-screen ranges: first last min_ndc_radius min_axis_deg p11
582 627 0.029 2.48 [1.3333]
961 1008 0.345 14.52 [1.3333]
1189 1216 0.813 57.83 [1.3333]
1246 1375 0.186 16.8 [1.3333]
1400 1812 0.61 58.31 [1.3333]
1848 2302 1.075 64.63 [1.3333]
2466 3756 0.4 42.88 [1.3333, 1.4918, 1.5184, 1.5454, 1.5729, 1.6007, 1.6291, 1.6578, 1.6871, 1.7168, 1.747, 1.7778, 1.8092, 1.8411, 1.8735, 1.9066, 1.9402, 1.9745, 2.0096, 2.0452, 2.0816, 2.1188, 2.1567, 2.1956]
3874 4273 0.021 0.89 [1.4918, 1.5184, 1.5454, 1.5729, 1.6007, 1.6291, 1.6578, 1.6871, 1.7168, 1.747, 1.7778]
4287 5295 0.024 1.26 [1.4918, 1.5184, 1.5454, 1.5729, 1.6007, 1.6291, 1.6578, 1.6871, 1.7168, 1.747, 1.7778]
