run314 gpu_sync_timing=1 sectors=[(0, '-1', 'no_cockpit'), (332, '21', 'clear'), (789, '-1', 'no_cockpit'), (1039, '67', 'clear'), (4506, '-1', 'no_cockpit')]
  win  n   dt10 dt50 dt90 q16-17 q33-34 draws routed rotp90 frac>.05 cam  thin_us | pre views vsetup vsubmit send present (p50 ms)
  w0   299    8   21   26   0.00   0.00   495      0  0.000     0.00 rest        0 |   3.0  12.4   0.6  11.6   5.5   0.0 sec=-1
  w1   300   14   37   41   0.00   0.06   275    250  1.600     0.74 pan      5940 |   3.7  31.1   1.3   9.9   1.6   0.0 sec=-1
  w2   300   22   34   37   0.00   0.23   194    156  0.224     0.49 mixed    8999 |   4.7  27.5   1.1   7.3   1.7   0.0 sec=21
  w3   300    8   23   29   0.00   0.01    34      1  1.482     0.48 mixed    9051 |   3.1  17.1   0.5   0.9   1.5   0.0 sec=-1
  w4   300   24   29   33   0.00   0.14   127    103  0.703     0.85 pan     10600 |   3.7  23.3   0.9   4.5   1.5   0.0 sec=67
  w5   300   28   30   36   0.00   0.13   131    107  0.579     0.93 pan     10788 |   5.9  23.4   0.9   4.5   1.4   0.0 sec=67
  w6   300   28   29   32   0.00   0.06   129    105  0.616     0.59 pan     10939 |   4.6  23.5   0.8   4.5   1.4   0.0 sec=67
  w7   300   30   32   35   0.00   0.29   122     98  0.000     0.00 rest    10992 |   7.4  23.3   0.8   4.2   1.4   0.0 sec=67
  w8   300   29   31   33   0.00   0.19   125    101  0.197     0.25 mixed   10992 |   6.1  23.7   0.8   4.3   1.4   0.0 sec=67
  w9   300   31   32   35   0.00   0.33   129    104  0.206     1.00 pan     10992 |   6.7  24.3   0.7   4.5   1.4   0.0 sec=67
  w10  300   28   31   33   0.00   0.21   117     92  0.221     0.86 pan     11142 |   5.9  23.7   0.7   4.0   1.4   0.0 sec=67
  w11  300   27   29   31   0.00   0.03   106     85  0.651     0.97 pan     11142 |   4.6  22.7   0.6   3.6   1.5   0.0 sec=67
  w12  300   27   28   30   0.00   0.01   114     92  0.458     0.95 pan     11142 |   3.9  23.0   0.6   3.9   1.5   0.0 sec=67
  w13  300   28   30   32   0.00   0.06   110     86  0.196     0.89 pan     11142 |   5.3  22.9   0.6   3.7   1.4   0.0 sec=67
  w14  300   28   29   33   0.00   0.10   145    118  0.400     0.82 pan     11899 |   3.4  24.5   0.6   4.9   1.5   0.0 sec=67
  w15   65   22   23   30   0.00   0.00   496      0  0.000     0.00 rest    11899 |     -     -     -     -     -     - sec=67
