run312 gpu_sync_timing=1 sectors=[(0, '-1', 'no_cockpit'), (237, '14', 'foggreenoutlands'), (5297, '-1', 'no_cockpit')]
  win  n   dt10 dt50 dt90 q16-17 q33-34 draws routed rotp90 frac>.05 cam  thin_us | pre views vsetup vsubmit send present (p50 ms)
  w0   299   22   25   38   0.00   0.01   496      0  1.528     0.20 mixed       0 |   3.3  13.5   0.6  12.0   7.1   0.0 sec=-1
  w1   300   32   35   39   0.00   0.17   162    103  1.987     0.95 pan      2164 |   3.2  30.5   0.8   4.9   1.5   0.0 sec=14
  w2   300   33   34   37   0.00   0.44   119     69  2.127     1.00 pan      2211 |   3.3  29.4   0.8   3.6   1.5   0.0 sec=14
  w3   300   32   33   38   0.00   0.41   102     54  2.844     0.99 pan      2266 |   3.4  28.2   0.7   2.9   1.5   0.0 sec=14
  w4   300   33   34   35   0.00   0.71   151     71  2.497     0.88 pan      2266 |   3.3  28.7   0.8   3.6   1.5   0.0 sec=14
  w5   300   34   36   40   0.00   0.21   234    119  0.234     0.27 mixed    2266 |   3.5  31.4   0.9   5.6   0.5   0.0 sec=14
  w6   300   35   36   39   0.00   0.05   215    105  0.243     0.25 mixed    2266 |   3.5  30.6   0.9   5.3   1.5   0.0 sec=14
  w7   300   35   36   41   0.00   0.04   215    105  0.519     0.44 mixed    2266 |   3.8  30.8   0.9   5.5   1.5   0.0 sec=14
  w8   300   32   33   39   0.00   0.56   137     67  0.519     0.83 pan      2266 |   3.6  28.2   0.7   3.5   1.5   0.0 sec=14
  w9   300   31   32   34   0.00   0.24   106     33  0.156     1.00 pan      2266 |   3.3  26.9   0.7   2.3   1.5   0.0 sec=14
  w10  300   31   32   34   0.00   0.21   104     33  0.156     1.00 pan      2266 |   3.4  26.8   0.7   2.2   1.5   0.0 sec=14
  w11  300   31   32   35   0.00   0.38   104     33  0.156     1.00 pan      2266 |   3.5  27.1   0.7   2.3   1.5   0.0 sec=14
  w12  300   31   32   35   0.00   0.35   100     33  2.261     1.00 pan      2266 |   3.5  27.1   0.8   2.3   1.5   0.0 sec=14
  w13  300   31   32   35   0.00   0.27    78     19  0.813     0.41 mixed    2266 |   3.7  26.7   0.7   1.9   1.6   0.0 sec=14
  w14  300   32   33   34   0.00   0.50    86     23  2.124     0.89 pan      2353 |   3.8  26.9   0.7   2.0   1.6   0.0 sec=14
  w15  300   31   32   34   0.00   0.34    78     19  1.039     0.86 pan      2353 |   3.6  26.5   0.7   1.9   1.6   0.0 sec=14
  w16  300   31   32   35   0.00   0.27    81     19  0.256     0.66 pan      2353 |   3.6  26.7   0.7   2.1   1.5   0.0 sec=14
  w17  287   24   33   36   0.00   0.34   111     21  0.309     0.54 pan      2353 |     -     -     -     -     -     - sec=14
