run315 gpu_sync_timing=1 sectors=[(0, '-1', 'no_cockpit'), (1445, '67', 'clear'), (10490, '-1', 'no_cockpit')]
  win  n   dt10 dt50 dt90 q16-17 q33-34 draws routed rotp90 frac>.05 cam  thin_us | pre views vsetup vsubmit send present (p50 ms)
  w0   299    9   23   26   0.00   0.01   496      0  0.000     0.00 rest        0 |   3.0  13.0   0.6  12.2   6.9   0.0 sec=-1
  w1   300    8    8   12   0.00   0.00     8      0  0.000     0.00 rest        0 |   1.4   5.6   0.1   0.1   1.7   0.0 sec=-1
  w2   300    8    9   13   0.00   0.00     8      0  0.000     0.00 rest        0 |   1.6   5.6   0.1   0.1   1.7   0.0 sec=-1
  w3   300    8    8   12   0.00   0.00     8      0  0.000     0.00 rest        0 |   1.3   5.7   0.1   0.1   1.7   0.0 sec=-1
  w4   300    7    9   26   0.01   0.00     9      0  1.044     0.18 mixed       0 |   1.8   5.8   0.2   0.1   1.8   0.0 sec=-1
  w5   300   25   26   30   0.00   0.01   103     65  1.342     0.89 pan      2058 |   2.9  22.0   0.6   3.3   1.4   0.0 sec=67
  w6   300   27   30   33   0.00   0.09   155    133  0.792     0.88 pan      2506 |   4.6  24.3   0.7   5.3   1.5   0.0 sec=67
  w7   300   29   31   35   0.00   0.11   155    133  0.320     0.47 mixed    2590 |   4.9  24.5   0.7   5.4   1.5   0.0 sec=67
  w8   300   29   31   35   0.00   0.17   132    111  0.193     0.23 mixed    2793 |   6.3  23.6   0.7   4.5   1.4   0.0 sec=67
  w9   300   31   33   35   0.00   0.46   134    113  0.192     1.00 pan      2839 |   7.5  23.8   0.7   4.6   1.4   0.0 sec=67
  w10  300   29   31   33   0.00   0.17   161    140  0.197     0.89 pan      2839 |   4.9  24.5   0.7   5.5   1.5   0.0 sec=67
  w11  300   29   31   35   0.00   0.20   161    140  0.193     0.38 mixed    2839 |   5.2  24.9   0.7   5.5   1.5   0.0 sec=67
  w12  300   28   29   32   0.00   0.05   130    109  0.000     0.00 rest     2888 |   4.1  23.5   0.6   4.5   1.4   0.0 sec=67
  w13  300   27   28   32   0.00   0.06   130    109  0.000     0.00 rest     2888 |   3.5  23.4   0.6   4.5   1.4   0.0 sec=67
  w14  300   28   29   32   0.00   0.02   130    109  0.000     0.00 rest     2888 |   3.5  23.8   0.6   4.6   1.5   0.0 sec=67
  w15  300   28   29   32   0.00   0.04   130    109  0.297     0.56 pan      2888 |   3.8  23.9   0.7   4.6   1.5   0.0 sec=67
  w16  300   28   29   33   0.00   0.06   130    108  0.356     0.77 pan      2888 |   4.0  23.7   0.7   4.7   1.5   0.0 sec=67
  w17  300   30   32   35   0.00   0.35   134    113  0.000     0.00 rest     3101 |   6.7  24.1   0.7   4.8   1.5   0.0 sec=67
  w18  300   28   29   32   0.00   0.08   120     99  0.403     0.56 pan      3101 |   4.3  23.6   0.7   4.3   1.5   0.0 sec=67
  w19  300   28   29   32   0.00   0.04   113     90  0.433     0.72 pan      3101 |   4.6  23.3   0.7   4.0   1.5   0.0 sec=67
  w20  300   25   28   31   0.00   0.01    74     52  0.834     0.97 pan      3795 |   3.5  22.8   0.7   3.1   1.5   0.0 sec=67
  w21  300   27   28   31   0.00   0.01    84     59  0.464     0.71 pan      4169 |   3.7  22.5   0.7   3.4   1.5   0.0 sec=67
  w22  300   26   27   30   0.00   0.01    76     52  0.802     0.86 pan      4169 |   3.3  22.2   0.7   3.0   1.5   0.0 sec=67
  w23  300   28   29   32   0.00   0.06   108     84  0.647     0.71 pan      4169 |   3.6  23.6   0.7   4.2   1.5   0.0 sec=67
  w24  300   28   30   33   0.00   0.09    60     36  0.489     0.75 pan      4169 |   6.1  22.0   1.0   2.5   1.6   0.0 sec=67
  w25  300   28   30   32   0.00   0.07    40     14  0.111     0.96 pan      4169 |   6.8  21.4   1.0   1.9   1.7   0.0 sec=67
  w26  300   29   31   34   0.00   0.21    32      8  0.109     0.84 pan      4230 |   7.8  21.5   0.9   1.6   1.8   0.0 sec=67
  w27  300   30   32   36   0.00   0.22    40      8  0.184     0.58 pan      4230 |   8.0  22.0   0.8   2.0   1.9   0.0 sec=67
  w28  300   32   38   42   0.00   0.18   108     50  2.268     0.88 pan      4230 |   8.1  26.2   1.3   4.8   1.8   0.0 sec=67
  w29  300   34   36   40   0.00   0.19   125     68  0.180     0.20 mixed    4288 |   8.2  26.5   1.1   5.6   1.8   0.0 sec=67
  w30  300   29   33   41   0.00   0.09   112     90  1.536     0.97 pan      5199 |   4.8  25.3   0.8   4.2   1.7   0.0 sec=67
  w31  300   35   37   41   0.00   0.08   132    107  1.604     0.87 pan      5461 |   5.6  29.5   1.0   6.0   1.8   0.0 sec=67
  w32  300   32   35   39   0.00   0.26   117     94  0.274     0.46 mixed    5524 |   6.7  26.5   0.8   5.1   1.7   0.0 sec=67
  w33  300   31   33   35   0.00   0.38   115     94  0.206     0.95 pan      5646 |   6.0  25.3   0.8   4.7   1.6   0.0 sec=67
  w34  300   30   31   35   0.00   0.20   115     94  0.127     0.14 mixed    5646 |   4.3  25.2   0.8   5.0   1.7   0.0 sec=67
  w35   50   22   24   26   0.00   0.00   496      0  0.000     0.00 rest     5646 |     -     -     -     -     -     - sec=-1
