run320 gpu_sync_timing=0 sectors=[(0, '-1', 'no_cockpit'), (234, '14', 'foggreenoutlands'), (18711, '-1', 'no_cockpit')]
  win  n   dt10 dt50 dt90 q16-17 q33-34 draws routed rotp90 frac>.05 cam  thin_us | pre views vsetup vsubmit send present (p50 ms)
  w0   299   15   16   18   0.61   0.00   496      0  1.263     0.21 mixed       0 |   3.3  13.0   0.7  11.9   0.1   0.0 sec=-1
  w1   300   16   17   19   0.59   0.01   131     86  1.263     0.99 pan     30399 |   3.4  13.5   5.6   4.8   0.3   0.0 sec=14
  w2   300   15   16   18   0.52   0.00   107     53  1.530     1.00 pan     30688 |   3.3  12.5   4.8   4.2   0.4   0.0 sec=14
  w3   300   15   16   19   0.56   0.00   123     61  1.189     0.99 pan     31327 |   3.4  12.9   5.4   4.3   0.3   0.0 sec=14
  w4   300   15   16   19   0.44   0.00    88     47  1.656     1.00 pan     31327 |   3.5  12.4   5.1   3.7   0.3   0.0 sec=14
  w5   300   15   16   18   0.44   0.00   127     75  1.375     1.00 pan     31327 |   3.4  12.8   5.1   4.8   0.3   0.0 sec=14
  w6   300   15   17   21   0.38   0.00   122     66  1.009     1.00 pan     31327 |   3.7  12.9   5.0   5.0   0.3   0.0 sec=14
  w7   300   15   16   19   0.59   0.00   109     57  1.178     1.00 pan     31327 |   3.6  12.6   4.9   4.4   0.3   0.0 sec=14
  w8   300   14   15   16   0.33   0.00    84     45  1.093     0.97 pan     31327 |   3.5  11.4   4.3   3.6   0.4   0.0 sec=14
  w9   300   15   17   24   0.32   0.00   120     61  1.114     1.00 pan     31327 |   3.8  12.7   4.9   4.8   0.3   0.0 sec=14
  w10  300   14   15   16   0.46   0.00    86     47  1.063     1.00 pan     31327 |   3.5  11.6   5.4   3.3   0.3   0.0 sec=14
  w11  300   15   16   17   0.76   0.00   111     58  1.107     0.74 pan     31327 |   3.5  12.5   5.6   3.9   0.3   0.0 sec=14
  w12  300   15   16   17   0.73   0.00   114     59  0.433     0.73 pan     31327 |   3.6  12.1   5.0   4.2   0.3   0.0 sec=14
  w13  300   15   16   17   0.73   0.00   118     59  0.243     0.63 pan     31327 |   3.3  12.4   5.4   4.1   0.3   0.0 sec=14
  w14  300   16   17   19   0.57   0.00   123     63  0.533     0.84 pan     31327 |   3.5  12.9   5.1   5.0   0.3   0.0 sec=14
  w15  300   15   16   19   0.38   0.00   134     46  0.829     0.69 pan     31327 |   4.3  11.9   4.6   4.2   0.3   0.0 sec=14
  w16  300   14   16   17   0.48   0.00   122     41  0.814     0.65 pan     31327 |   3.9  11.2   4.4   3.9   0.4   0.0 sec=14
  w17  300   14   15   16   0.24   0.00    53     10  0.287     0.45 mixed   31327 |   4.9  10.2   5.2   2.1   0.3   0.0 sec=14
  w18  300   14   16   17   0.52   0.00    85     25  1.619     0.59 pan     31327 |   3.6  11.6   5.4   2.8   0.3   0.0 sec=14
  w19  300   15   16   17   0.65   0.00   167     70  0.833     0.79 pan     31327 |   3.2  12.7   5.6   4.9   0.3   0.0 sec=14
  w20  300   15   16   17   0.47   0.00   133     50  0.639     0.53 pan     31327 |   4.3  10.8   3.9   4.3   0.4   0.0 sec=14
  w21  300   14   15   16   0.14   0.00    61     14  0.000     0.00 rest    31327 |   5.6   9.2   4.2   2.2   0.3   0.0 sec=14
  w22  300   14   15   23   0.10   0.00    66     13  1.551     0.49 mixed   31327 |   3.9  11.2   5.3   2.3   0.3   0.0 sec=14
  w23  300   16   20   23   0.28   0.00   323    142  1.317     0.91 pan     31327 |   3.3  16.0   5.2   8.6   0.3   0.0 sec=14
  w24  300   14   15   16   0.22   0.00    65     15  0.664     0.48 mixed   31327 |   4.9  10.0   5.0   2.4   0.3   0.0 sec=14
  w25  300   14   15   16   0.25   0.01    65     17  0.000     0.00 rest    31327 |   5.7   8.9   3.8   2.4   0.3   0.0 sec=14
  w26  300   14   15   16   0.10   0.00    49      8  0.000     0.00 rest    31327 |   5.6   9.0   4.6   1.8   0.3   0.0 sec=14
  w27  300   14   15   16   0.16   0.00    49      8  0.215     0.26 mixed   31327 |   5.0   9.8   5.4   1.7   0.4   0.0 sec=14
  w28  300   14   15   16   0.17   0.00    52     10  0.000     0.02 rest    31327 |   5.5   9.3   4.9   1.8   0.4   0.0 sec=14
  w29  300   15   15   17   0.32   0.00    58     10  1.087     0.57 pan     31380 |   4.1  10.8   5.7   2.1   0.3   0.0 sec=14
  w30  300   16   16   18   0.69   0.00   165     59  0.498     0.76 pan     31380 |   3.3  12.5   5.0   4.7   0.3   0.0 sec=14
  w31  300   16   16   18   0.78   0.00   155     56  0.290     0.56 pan     31380 |   3.7  12.0   4.5   4.7   0.4   0.0 sec=14
  w32  300   16   17   18   0.80   0.00   203     81  0.229     0.74 pan     31380 |   5.7  10.7   2.5   5.8   0.3   0.0 sec=14
  w33  300   17   18   19   0.41   0.00   228     94  0.229     1.00 pan     31380 |   6.2  11.1   2.3   6.3   0.2   0.0 sec=14
  w34  300   16   16   19   0.77   0.00   182     67  0.229     1.00 pan     31420 |   6.0  10.1   2.1   5.3   0.3   0.0 sec=14
  w35  300   16   16   17   0.90   0.00   169     61  0.301     0.94 pan     31465 |   5.4  10.3   2.6   4.9   0.4   0.0 sec=14
  w36  300   15   16   17   0.70   0.00   151     55  0.173     0.30 mixed   33400 |   5.0  10.5   3.1   4.3   0.3   0.0 sec=14
  w37  300   15   16   17   0.62   0.00   128     43  0.255     0.49 mixed   33400 |   3.2  12.1   4.9   4.0   0.3   0.0 sec=14
  w38  300   15   16   16   0.59   0.00   129     43  0.262     0.61 pan     33400 |   3.6  11.4   4.2   4.0   0.3   0.0 sec=14
  w39  300   15   16   16   0.61   0.00   152     55  0.311     0.91 pan     33455 |   5.7   9.4   2.0   4.6   0.3   0.0 sec=14
  w40  300   16   17   19   0.61   0.00   212     84  0.311     1.00 pan     33661 |   6.3  10.0   1.2   6.1   0.3   0.0 sec=14
  w41  300   15   16   17   0.70   0.00   163     62  0.311     1.00 pan     33661 |   5.9   9.6   1.8   5.4   0.3   0.0 sec=14
  w42  300   15   15   16   0.40   0.00    90     22  0.311     0.76 pan     33661 |   4.9   9.9   4.3   2.9   0.4   0.0 sec=14
  w43  300   15   15   16   0.32   0.00    91     28  0.187     0.84 pan     33661 |   5.3   9.3   3.7   3.0   0.4   0.0 sec=14
  w44  300   14   15   16   0.32   0.00    76     19  0.087     1.00 pan     33661 |   5.8   8.9   3.6   2.6   0.3   0.0 sec=14
  w45  300   15   15   16   0.38   0.00    77     19  0.222     0.83 pan     33661 |   4.8  10.4   4.7   2.8   0.3   0.0 sec=14
  w46  300   15   15   16   0.44   0.00    76     19  0.163     0.27 mixed   33661 |   5.2   9.8   4.4   2.6   0.3   0.0 sec=14
  w47  300   15   15   16   0.39   0.00    77     19  0.000     0.04 rest    33661 |   5.7   9.2   3.9   2.6   0.3   0.0 sec=14
  w48  300   16   17   18   0.78   0.00   130     45  1.402     0.87 pan     33661 |   3.4  12.9   4.6   5.3   0.4   0.0 sec=14
  w49  300   15   16   17   0.65   0.00   119     39  2.060     0.90 pan     33661 |   3.4  12.1   5.0   4.7   0.4   0.0 sec=14
  w50  300   15   15   16   0.48   0.00    65     19  0.298     0.62 pan     33661 |   5.2  10.2   4.9   2.6   0.2   0.0 sec=14
  w51  300   15   15   16   0.41   0.00    65     19  0.194     1.00 pan     33661 |   5.7   9.6   4.5   2.5   0.2   0.0 sec=14
  w52  300   15   15   16   0.36   0.00    67     20  0.232     0.84 pan     34444 |   5.1  10.2   5.2   2.6   0.3   0.0 sec=14
  w53  300   14   15   16   0.28   0.00    50     20  0.234     0.76 pan     34530 |   4.5  10.6   5.3   3.0   0.3   0.0 sec=14
  w54  300   15   16   17   0.57   0.00    72     20  1.062     0.97 pan     34530 |   3.8  11.5   5.4   3.1   0.3   0.0 sec=14
  w55  300   16   17   18   0.88   0.00   140     53  0.297     0.70 pan     34530 |   3.2  13.0   5.2   5.2   0.4   0.0 sec=14
  w56  300   16   17   18   0.79   0.00   140     54  0.213     0.46 mixed   34530 |   3.4  13.1   4.8   5.5   0.4   0.0 sec=14
  w57  300   17   18   19   0.22   0.00   145     54  0.491     0.88 pan     34530 |   3.8  13.9   4.7   6.2   0.4   0.0 sec=14
  w58  300   17   18   19   0.35   0.00   146     57  0.254     0.61 pan     34530 |   3.6  13.9   5.1   5.9   0.4   0.0 sec=14
  w59  300   17   17   18   0.69   0.00   121     46  0.201     0.39 mixed   34530 |   3.4  13.3   5.1   5.2   0.4   0.0 sec=14
  w60  300   17   18   20   0.39   0.00   148     57  0.718     0.64 pan     34530 |   4.5  13.1   4.1   6.0   0.4   0.0 sec=14
  w61  300   16   17   18   0.88   0.00   150     56  0.358     0.54 pan     34530 |   3.3  13.2   5.6   5.0   0.2   0.0 sec=14
  w62  201   15   17   19   0.36   0.00   168     66  0.199     0.30 mixed   34530 |     -     -     -     -     -     - sec=14
