run313 gpu_sync_timing=1 sectors=[(0, '-1', 'no_cockpit'), (157, '14', 'foggreenoutlands'), (4433, '-1', 'no_cockpit')]
  win  n   dt10 dt50 dt90 q16-17 q33-34 draws routed rotp90 frac>.05 cam  thin_us | pre views vsetup vsubmit send present (p50 ms)
  w0   299   22   35   40   0.00   0.00   493      0  1.528     0.46 mixed       0 |   3.5  13.6   0.6  11.4   4.8   0.0 sec=-1
  w1   300   32   34   37   0.00   0.47   118     60  2.759     0.99 pan      2095 |   3.2  29.4   0.7   3.4   1.5   0.0 sec=14
  w2   300   33   34   36   0.00   0.66   122     62  0.830     0.86 pan      2095 |   3.3  29.0   0.9   3.4   1.5   0.0 sec=14
  w3   300   34   35   38   0.00   0.27   198    102  0.240     0.63 pan      2095 |   3.4  30.2   0.9   5.1   1.5   0.0 sec=14
  w4   300   33   34   37   0.00   0.57   194     92  0.278     0.70 pan      2095 |   3.2  29.5   0.8   4.7   1.5   0.0 sec=14
  w5   300   34   35   38   0.00   0.23   194     92  0.278     0.88 pan      2095 |   3.5  30.0   0.8   4.8   1.5   0.0 sec=14
  w6   300   33   33   35   0.00   0.81   132     67  0.241     0.64 pan      2095 |   3.3  28.7   0.8   3.6   1.5   0.0 sec=14
  w7   300   33   37   42   0.00   0.18   202     85  0.750     0.70 pan      2095 |   4.6  30.7   0.9   5.5   1.5   0.0 sec=14
  w8   300   33   37   46   0.00   0.31   149     99  0.795     0.41 mixed    5678 |   4.6  31.1   0.9   4.8   1.5   0.0 sec=14
  w9   300   33   35   40   0.00   0.36   150     62  1.666     0.97 pan      5678 |   3.4  29.9   0.8   4.1   1.6   0.0 sec=14
  w10  300   34   37   43   0.00   0.14   150     91  2.279     0.75 pan      5678 |   4.3  30.9   0.8   4.5   1.6   0.0 sec=14
  w11  300   33   36   38   0.00   0.25    45     10  0.350     0.37 mixed    5678 |   7.0  27.2   0.8   1.3   1.5   0.0 sec=14
  w12  300   33   35   39   0.00   0.35   123     41  1.794     1.00 pan      5678 |   3.7  29.5   0.9   2.9   1.6   0.0 sec=14
  w13  300   32   34   36   0.00   0.48    65     20  1.735     0.92 pan      5678 |   3.7  28.1   0.8   1.8   1.6   0.0 sec=14
  w14  293   24   33   35   0.00   0.49    70     12  1.162     0.51 pan      5678 |     -     -     -     -     -     - sec=14
