run319 gpu_sync_timing=0 sectors=[(0, '-1', 'no_cockpit'), (256, '67', 'clear'), (7589, '-1', 'no_cockpit')]
  win  n   dt10 dt50 dt90 q16-17 q33-34 draws routed rotp90 frac>.05 cam  thin_us | pre views vsetup vsubmit send present (p50 ms)
  w0   299   15   16   18   0.65   0.00   496      0  1.536     0.14 mixed       0 |   3.1  12.8   0.6  12.0   0.1   0.0 sec=-1
  w1   300   14   16   17   0.71   0.00   111     90  1.536     0.88 pan      5653 |   3.9  11.9   5.2   4.6   0.2   0.0 sec=67
  w2   300   16   16   18   0.65   0.00   133    112  0.424     0.79 pan      9606 |   3.9  12.5   5.0   5.2   0.2   0.0 sec=67
  w3   300   16   16   17   0.93   0.00   128    107  0.382     0.72 pan      9943 |   4.3  11.7   4.6   4.9   0.2   0.0 sec=67
  w4   300   15   16   16   0.71   0.00   132    109  0.217     0.43 mixed   10085 |   4.8  11.0   3.8   5.0   0.2   0.0 sec=67
  w5   300   14   15   15   0.04   0.00   116     93  0.000     0.00 rest    10085 |   4.9   9.9   3.2   4.2   0.2   0.0 sec=67
  w6   300   14   15   15   0.06   0.00   115     94  0.000     0.00 rest    10167 |   4.2  10.3   3.7   4.2   0.3   0.0 sec=67
  w7   300   14   15   15   0.02   0.00   115     94  0.000     0.00 rest    10167 |   3.0  11.5   4.8   4.2   0.2   0.0 sec=67
  w8   300   14   15   15   0.03   0.00   110     88  0.000     0.01 rest    10167 |   4.1  10.6   3.9   4.1   0.3   0.0 sec=67
  w9   300   14   15   15   0.05   0.00   107     81  0.253     0.52 pan     10167 |   3.0  11.5   4.8   4.1   0.3   0.0 sec=67
  w10  300   14   15   16   0.28   0.00   103     82  0.237     0.59 pan     10167 |   3.7  11.5   4.4   4.2   0.2   0.0 sec=67
  w11  300   14   15   15   0.07   0.00   101     80  0.257     0.61 pan     10167 |   3.5  11.3   4.5   4.1   0.2   0.0 sec=67
  w12  300   15   15   16   0.17   0.00   104     82  0.242     0.47 mixed   10167 |   3.7  11.3   4.4   4.3   0.2   0.0 sec=67
  w13  300   15   15   16   0.24   0.00   105     83  0.174     0.57 pan     10167 |   3.5  11.6   4.7   4.3   0.2   0.0 sec=67
  w14  300   15   16   17   0.52   0.00   105     83  0.287     0.69 pan     22046 |   3.8  11.8   4.4   4.8   0.2   0.0 sec=67
  w15  300   16   16   18   0.80   0.00   128    107  0.402     0.92 pan     22176 |   3.9  12.3   4.2   5.6   0.2   0.0 sec=67
  w16  300   16   17   18   0.74   0.00   147    126  0.266     0.41 mixed   22176 |   4.1  12.9   4.4   6.0   0.2   0.0 sec=67
  w17  300   17   18   20   0.24   0.00   163    142  0.461     0.58 pan     22211 |   3.9  13.9   4.7   6.6   0.3   0.0 sec=67
  w18  300   15   16   17   0.58   0.00   105     67  0.401     0.86 pan     22505 |   4.8  10.6   3.4   4.7   0.2   0.0 sec=67
  w19  300   16   17   18   0.87   0.00   110     68  0.173     0.21 mixed   22505 |   4.7  11.4   3.7   5.5   0.2   0.0 sec=67
  w20  300   15   16   17   0.64   0.00   108     68  0.210     0.44 mixed   22505 |   4.8  11.0   3.6   4.9   0.2   0.0 sec=67
  w21  300   15   16   16   0.66   0.00    86     59  0.364     0.60 pan     22505 |   4.1  11.4   4.2   4.8   0.2   0.0 sec=67
  w22  300   14   15   16   0.35   0.00    80     41  0.373     0.65 pan     22505 |   4.2  10.3   3.7   4.0   0.3   0.0 sec=67
  w23  300   14   15   15   0.08   0.00    81     44  0.217     0.46 mixed   22505 |   4.3   9.8   3.7   3.4   0.3   0.0 sec=67
  w24  300   14   15   15   0.08   0.00    76     38  0.194     0.26 mixed   22505 |   4.0  10.1   4.5   2.9   0.3   0.0 sec=67
  w25  181   14   16   17   0.45   0.00   495      0  0.000     0.00 rest    22505 |     -     -     -     -     -     - sec=67
