offset -2 n=75 corr(view_setup,lock)=-0.062
offset -1 n=76 corr(view_setup,lock)=-0.044
offset +0 n=76 corr(view_setup,lock)=0.439
offset +1 n=76 corr(view_setup,lock)=-0.009
offset +2 n=76 corr(view_setup,lock)=0.013
frame_end offset -1 n=76 median|dt_slow-dt_end|_ms=10.61
frame_end offset +0 n=76 median|dt_slow-dt_end|_ms=0.50
frame_end offset +1 n=76 median|dt_slow-dt_end|_ms=9.95
frame view_setup_us lock_us(same) pre_render_us views_us view_submit_us dt_us
4 1963 0.0 2518248 49066 42565 2569765 5
2 0 0.0 1200766 0 0 1200785 0
1 0 83.4 246778 0 0 246792 0
3 0 0.0 173300 0 0 173309 0
597 116 0.0 56083 1081 854 57331 5
458 120 0.0 38131 1187 900 39461 5
475 124 0.0 18834 1150 889 20164 5
434 140 0.0 15426 1160 885 16817 5
856 5974 270.5 21370595 457087 64033 21831292 9
855 0 0.0 140216 0 0 140222 0
868 742 91.8 57193 7204 4471 65095 8
857 1016 83.0 25102 35210 5919 60952 8
930 755 89.8 1394370 30301 5620 1425265 8
1196 846 97.2 242725 7498 4705 250765 8
1195 839 86.6 208473 7359 4600 216377 8
1194 911 89.9 197207 8241 4871 206285 8
1477 868 77.9 47956 7731 4875 56334 9
1494 858 91.9 27709 7627 4747 35984 10
1491 879 78.5 18847 8030 4942 27569 10
1493 867 78.7 18959 7867 4927 27444 10
1537 927 80.9 61971 8501 5294 71165 10
1538 816 80.8 33313 14228 5829 48432 10
1547 855 72.5 39528 8022 5136 48187 10
1558 852 76.7 38309 8331 5196 47307 10
1926 855 79.8 187473 12674 5088 201125 9
2077 6369 123.8 49406 66688 25880 120519 9
2078 823 73.6 45325 11713 6603 58559 9
2088 784 60.7 19386 6716 3939 26690 9
2394 818 68.9 13890 7299 4066 22073 8
2146 794 61.9 13190 7022 4205 20809 8
2169 783 52.5 13161 6502 3782 20586 8
2143 762 58.7 13192 6636 3849 20454 8
2491 842 81.6 5822 40118 10214 46849 8
2645 1679 915.7 5517 31240 5875 37380 8
2535 904 79.9 5741 15840 5354 22348 8
2422 750 59.2 13549 7246 4016 21402 8
2759 772 63.7 15028 8312 4800 23855 8
2983 811 59.3 13811 8003 4626 22576 8
2973 786 61.0 13373 8362 4767 22307 8
2820 888 78.2 12016 8991 5048 21809 8
3020 934 87.5 6978 22053 18278 29852 8
3141 842 81.2 13790 9889 5523 24384 8
3145 1070 132.0 11023 12081 5604 23902 8
3254 740 68.0 14585 8476 4828 23695 8
3531 1079 243.0 29817 11014 4059 42592 8
3323 710 63.1 18373 7700 4189 26636 8
3530 1062 408.5 5830 17969 4153 24409 8
3406 694 66.7 15310 7063 4012 23004 8
3867 802 85.6 66953 8500 5184 75987 8
3712 779 93.5 16361 10398 5741 27846 8
3731 727 66.5 17536 8428 5033 26577 8
3711 726 80.9 6066 8627 5301 25486 8
3938 1035 121.6 20040 14156 7115 35444 8
3939 1348 119.7 15413 12684 8340 29148 8
3937 1155 206.9 13589 12364 7188 27389 8
3955 773 73.9 17663 8788 5133 27053 8
4210 881 75.8 23067 8645 5025 32562 8
4241 849 70.9 20794 8157 4779 29523 8
4236 788 65.0 20727 8024 4888 29323 8
4240 839 75.6 20276 8266 4862 29193 8
4719 822 74.4 16822 8198 4709 25678 8
4771 755 69.8 16812 7647 4535 25118 8
4517 821 76.1 15943 8242 4933 24754 8
4764 786 66.8 15160 7843 4464 23700 8
5008 744 72.7 17046 8976 5478 26645 8
5021 820 73.8 7399 17819 8132 26166 8
4930 1002 80.5 14289 10992 6594 26117 8
4970 843 86.0 14508 9584 5954 24814 8
5390 1404 160.2 20098 14200 7794 40741 8
5391 1484 265.4 7575 30084 9744 38589 8
5202 872 72.9 25714 11158 6600 37452 8
5267 1126 214.8 13695 13444 8412 28619 8
5699 186 0.0 2231011 10606 10259 2243108 5
5698 0 0.0 728470 0 0 728476 0
5506 7181 427.0 6288 88229 36396 99203 8
5507 2560 143.8 58972 12165 6450 73230 8
