offset -2 n=91 corr(view_setup,lock)=-0.086
offset -1 n=92 corr(view_setup,lock)=-0.015
offset +0 n=92 corr(view_setup,lock)=0.994
offset +1 n=92 corr(view_setup,lock)=-0.041
offset +2 n=92 corr(view_setup,lock)=-0.037
frame_end offset -1 n=92 median|dt_slow-dt_end|_ms=6.81
frame_end offset +0 n=92 median|dt_slow-dt_end|_ms=0.48
frame_end offset +1 n=92 median|dt_slow-dt_end|_ms=6.92
frame view_setup_us lock_us(same) pre_render_us views_us view_submit_us dt_us
4 3676 0.0 2642051 151966 140163 2803060 5
2 0 0.0 1312319 0 0 1312460 0
1 0 304.2 478454 0 0 478518 0
3 0 0.0 206881 0 0 206972 0
582 126 0.0 1536 1415 1117 10015 5
396 131 0.0 2128 1548 1224 9635 5
444 121 0.0 1919 1412 1129 8844 5
371 126 0.0 2030 1451 1166 8804 5
640 98644 93205.4 21510533 272051 84320 21784664 9
712 2797 1979.7 1474573 8993 4663 1484435 8
641 2811 423.1 120215 18983 8466 140792 8
639 0 0.0 131474 0 0 131510 0
1011 1928 1147.6 256867 7767 4729 265085 8
1010 1223 443.9 256189 7029 4591 263715 8
1012 1448 626.5 232581 7537 4888 240620 8
1009 1443 633.0 192665 7172 4616 200362 8
1254 1706 763.7 60075 8271 5298 68993 10
1271 1443 538.7 51112 8254 5446 60037 10
1284 1440 592.1 43820 7821 5152 52224 10
1245 1091 302.7 36418 7066 4845 43948 9
1743 8864 1013.3 49832 69393 26854 123718 10
1742 4423 3570.6 4541 9847 4276 27958 10
1712 1523 761.6 16349 6957 4217 23791 10
1777 1332 604.6 15371 6668 4131 22496 9
2087 1472 702.0 12186 6283 3531 18964 8
1852 9001 3727.9 4019 14399 4203 18933 9
1941 1345 587.3 11845 6193 3678 18551 9
1845 1579 860.4 10864 6818 4104 18142 9
2188 2725 1902.4 197565 10329 4664 208373 8
2189 1350 552.6 15700 6248 3683 22376 8
2289 1383 633.2 10212 6307 3656 17108 8
2287 1518 770.1 9816 6603 3706 17036 8
2657 29647 28790.5 4504 36320 4865 41275 8
2498 11091 10312.7 5139 16711 3975 22382 8
2505 1059 329.1 11560 6545 4014 18535 8
2421 999 243.2 11536 6336 3876 18346 8
2927 4587 3471.4 5328 16456 10037 22415 8
2937 1461 629.0 12060 8423 5032 21093 8
2855 1378 614.4 11557 7694 4726 19716 8
2832 1375 621.7 11486 7546 4544 19484 8
3162 1326 564.9 14058 7749 4754 22286 8
3165 1369 610.5 13441 7498 4498 21393 8
3168 1297 548.1 12982 7510 4568 20950 8
3272 1431 709.7 13045 7349 4292 20874 8
3476 1398 720.8 13801 7288 4429 21607 8
3500 1191 520.6 14337 6671 4100 21476 8
3479 1384 552.5 13213 7186 4354 20895 8
3505 1391 643.4 13490 6898 4015 20859 8
3814 920 287.5 16237 7571 4998 24238 8
3766 1279 614.2 14198 7757 4961 22461 8
3739 1250 617.3 13223 7517 4778 21239 8
3779 1216 591.8 13049 7401 4725 20897 8
3984 2176 1527.4 61688 9833 5954 71965 8
3958 1526 871.6 21730 8286 5186 30484 8
4039 1356 701.0 17994 8757 5654 27184 8
3985 1246 544.7 15976 9204 6138 25705 8
4337 1305 617.2 20962 8727 5665 30121 8
4359 1242 546.8 18672 8949 5965 28069 8
4375 1291 598.8 16569 9063 5984 26112 8
4398 1366 658.1 16215 9296 6108 26004 8
4700 1275 533.1 38227 7750 4958 46448 8
4745 1327 580.3 13615 8021 5135 22104 8
4683 1563 668.0 12653 8043 4980 21151 8
4693 1329 550.7 11733 8351 5204 20669 8
5073 1377 564.9 14391 7568 4545 22438 8
4936 1395 628.9 13466 7648 4749 21606 8
4935 1625 890.1 12758 8272 5074 21505 8
5067 1340 593.9 13612 7412 4523 21504 8
5153 8210 1006.0 65409 71886 27870 141141 8
5152 3954 3256.1 4451 11386 4412 29955 8
5154 1380 645.0 20679 7655 4776 28781 8
5234 1326 619.5 13549 7759 4889 21756 8
5493 1336 651.9 12633 8288 5095 21394 8
5546 1299 605.3 12352 8186 5202 20968 8
5528 1448 686.3 11078 8755 5637 20318 8
5519 1274 607.2 11150 8344 5157 19978 8
5850 1339 606.7 15838 7986 5051 24271 8
5961 1290 586.5 12147 7974 5091 20605 8
5905 1513 744.4 12030 7963 4882 20442 8
5849 1290 610.8 12245 7680 4779 20398 8
6250 1470 826.5 15233 9232 5967 24899 8
6200 1274 562.1 12103 8806 5781 21389 8
6157 1291 571.1 12317 8534 5587 21339 8
6244 1285 612.4 11630 9170 6073 21255 8
6312 1228 559.2 14889 9532 6421 24931 8
6515 1473 654.9 13040 10397 7042 23946 8
6454 1319 488.9 10998 10785 7331 22362 8
6566 1235 362.2 8536 12830 9128 21959 8
6765 156 0.0 2496261 4081 3637 2504393 5
6764 0 0.0 693203 0 0 693249 0
6859 122 0.0 163061 1389 1092 164616 5
6693 1167 462.7 34025 8787 5864 43284 9
