/tmp/x3-bottleX3-run262 12554+32: frame marked marked_hull marked_sky_d1-2 reset_takers takers_cur_only takers_age1
  12555 2047 0 2047 2343 1412 1697
  12556 2091 0 2091 1264 495 658
  12557 2105 0 2105 1263 404 569
  12558 2136 0 2136 1332 538 701
  12559 2139 0 2139 1363 491 615
  12560 2100 0 2100 1367 511 662
  12561 2060 0 2060 1327 505 684
  12562 2137 0 2137 1289 469 600
  12563 2144 0 2144 1348 489 612
  12564 2114 0 2114 1341 535 711
  12565 2143 0 2143 1337 490 622
  12566 2138 0 2138 1324 553 714
  12567 2151 0 2151 1339 480 623
  12568 2114 0 2114 1359 509 669
  12569 2077 0 2077 1325 535 689
  12570 2057 0 2057 1277 473 629
  12571 2024 0 2024 1300 521 664
  12572 1968 0 1968 1259 516 671
  12573 1914 0 1914 1243 429 554
  12574 1780 0 1780 1200 509 675
  12575 1708 0 1708 1160 463 595
  12576 1682 0 1682 1130 457 589
  12577 1669 0 1669 1128 428 551
  12578 1674 0 1674 1123 435 565
  12579 1639 0 1639 1162 451 569
  12580 1633 0 1633 1126 474 613
  12581 1638 0 1638 1170 392 559
  12582 1597 0 1597 1105 483 620
  12583 1581 0 1581 1099 422 546
  12584 1537 0 1537 1078 417 561
  12585 1501 0 1501 1083 354 468
 per-frame median 2047 0 2047 1264 483 620  max 2151 0 2151 2343 1412 1697  total 59298 0 59298 39564 15640 20255
 age histogram last frame (sky / hull): [  9146  15201  32177  81775 783277] [ 1148  4489  3677  3876 48274]
