/tmp/x3-bottleX3-run262 7062+32: frame marked marked_hull marked_sky_d1-2 reset_takers takers_cur_only takers_age1
  7063 5001 0 5001 4154 3047 3177
  7064 5004 0 5004 3788 914 1026
  7065 4862 0 4862 3856 904 1079
  7066 4815 0 4815 3702 887 984
  7067 4791 0 4791 3700 796 980
  7068 4760 0 4760 3521 1003 1170
  7069 4731 0 4731 3938 525 625
  7070 4753 0 4753 3515 862 1069
  7071 3764 0 3764 3452 882 1131
  7072 3628 0 3628 3044 500 600
  7073 3062 0 3062 2822 567 709
  7074 3084 0 3084 2443 378 429
  7075 3109 0 3109 2178 622 760
  7076 3119 0 3119 2277 597 742
  7077 3127 0 3127 2528 352 436
  7078 3137 0 3137 2287 600 751
  7079 3114 0 3114 2158 664 849
  7080 3123 0 3123 2506 325 429
  7081 3144 0 3144 2348 543 689
  7082 3160 0 3160 2499 336 423
  7083 3203 0 3203 2258 621 786
  7084 3159 0 3159 2389 624 793
  7085 3118 0 3118 2557 322 395
  7086 3115 0 3115 2308 587 743
  7087 3106 0 3106 2128 601 798
  7088 3131 0 3131 2503 293 393
  7089 3096 0 3096 2341 550 691
  7090 3128 0 3128 2466 323 406
  7091 3087 0 3087 2246 603 749
  7092 3111 0 3111 2275 531 685
  7093 3095 0 3095 2493 294 375
 per-frame median 3131 0 3131 2499 597 743  max 5004 0 5004 4154 3047 3177  total 111637 0 111637 86680 20653 24872
 age histogram last frame (sky / hull): [  8588  19105  56801  59257 740174] [  166  2669  8034  9417 78829]
