/tmp/x3-bottleX3-run262 5823+32: frame marked marked_hull marked_sky_d1-2 reset_takers takers_cur_only takers_age1
  5824 2626 0 2626 2069 1460 1833
  5825 2655 0 2655 1822 487 647
  5826 2655 0 2655 1880 499 675
  5827 2695 0 2695 1853 512 683
  5828 2647 0 2647 1786 575 793
  5829 2727 0 2727 1934 374 524
  5830 2709 0 2709 1792 605 792
  5831 2711 0 2711 1888 489 680
  5832 2740 0 2740 1920 512 648
  5833 2739 0 2739 1862 518 695
  5834 2705 0 2705 1943 509 680
  5835 2713 0 2713 1882 501 655
  5836 2731 0 2731 1787 620 779
  5837 2667 0 2667 2003 457 581
  5838 2685 0 2685 1755 574 732
  5839 2623 0 2623 1887 521 638
  5840 2600 0 2600 1852 467 615
  5841 2570 0 2570 1806 515 671
  5842 2582 0 2582 1814 480 599
  5843 2575 0 2575 1780 474 618
  5844 2525 0 2525 1663 550 749
  5845 2491 0 2491 1800 401 516
  5846 2488 0 2488 1594 514 710
  5847 2469 0 2469 1727 412 545
  5848 2422 0 2422 1711 445 564
  5849 2412 0 2412 1589 403 571
  5850 2468 0 2468 1647 392 517
  5851 2519 0 2519 1639 388 519
  5852 2518 0 2518 1612 535 727
  5853 2511 0 2511 1734 337 452
  5854 2521 0 2521 1528 491 670
 per-frame median 2623 0 2623 1800 499 655  max 2740 0 2740 2069 1460 1833  total 80699 0 80699 55559 16017 21078
 age histogram last frame (sky / hull): [  3028   6731  58714  66775 807677] [  144   882  1480  2092 35517]
