armed 5523 -> 5823
armed 6762 -> 7062
armed 12254 -> 12554
burst 5823-5854: frame trans dang_deg rotation_deg gate6 cut
  5823 98.3 0.2847 0.2846 0 0
  5824 862.5 0.2847 0.2846 21 0
  5825 862.5 0.2847 0.2846 0 0
  5826 862.5 0.2847 0.2846 0 0
  5827 862.5 0.2847 0.2846 0 0
  5828 862.5 0.2847 0.2846 0 0
  5829 862.5 0.2847 0.2846 38 0
  5830 862.5 0.2847 0.2846 0 0
  5831 862.5 0.2847 0.2846 17 0
  5832 862.5 0.2847 0.2846 2 0
  5833 862.5 0.2847 0.2846 0 0
  5834 862.5 0.2847 0.2846 0 0
  5835 862.5 0.2847 0.2846 0 0
  5836 862.5 0.2847 0.2846 0 0
  5837 862.5 0.2847 0.2846 0 0
  5838 862.5 0.2847 0.2846 0 0
  5839 862.5 0.2847 0.2846 0 0
  5840 862.5 0.2847 0.2846 0 0
  5841 862.5 0.2847 0.2846 0 0
  5842 862.5 0.2847 0.2846 0 0
  5843 862.5 0.2847 0.2846 0 0
  5844 862.5 0.2847 0.2846 0 0
  5845 862.5 0.2847 0.2846 0 0
  5846 862.5 0.2847 0.2846 8 0
  5847 862.5 0.2847 0.2846 0 0
  5848 862.5 0.2847 0.2846 0 0
  5849 862.5 0.2847 0.2846 0 0
  5850 862.5 0.2847 0.2846 25 0
  5851 862.5 0.2847 0.2846 17 0
  5852 862.5 0.2847 0.2846 0 0
  5853 862.5 0.2847 0.2846 7 0
  5854 862.5 0.2847 0.2846 48 0
  ums [(5824, '16'), (5829, '38'), (5831, '17'), (5854, '34')]
burst 7062-7093: frame trans dang_deg rotation_deg gate6 cut
  7062 14.6 0.1327 0.1318 0 0
  7063 157.0 0.1961 0.1955 0 0
  7064 159.9 0.1575 0.1572 0 0
  7065 162.4 0.1286 0.1290 2 0
  7066 164.4 0.1361 0.1376 0 0
  7067 166.7 0.0000 0.0000 2 0
  7068 167.8 0.0000 0.0000 0 0
  7069 168.1 0.0000 0.0000 0 0
  7070 169.6 0.0000 0.0000 0 0
  7071 170.4 0.0000 0.0000 25 0
  7072 170.7 0.0000 0.0000 0 0
  7073 170.6 0.0000 0.0000 0 0
  7074 171.4 0.0000 0.0000 0 0
  7075 171.5 0.0000 0.0000 0 0
  7076 171.4 0.0000 0.0000 0 0
  7077 172.2 0.0000 0.0000 0 0
  7078 171.8 0.0000 0.0000 0 0
  7079 172.1 0.0000 0.0000 0 0
  7080 172.1 0.0000 0.0000 0 0
  7081 171.6 0.0000 0.0000 2 0
  7082 172.4 0.1063 0.1058 0 0
  7083 172.2 0.0000 0.0000 0 0
  7084 172.3 0.0000 0.0000 0 0
  7085 172.3 0.0000 0.0000 0 0
  7086 172.3 0.0000 0.0000 2 0
  7087 172.3 0.0000 0.0000 0 0
  7088 172.3 0.0000 0.0000 0 0
  7089 172.3 0.0000 0.0000 0 0
  7090 172.4 0.0000 0.0000 0 0
  7091 172.4 0.0000 0.0000 0 0
  7092 172.4 0.0000 0.0000 0 0
  7093 172.4 0.0000 0.0000 2 0
  ums [(7071, '25')]
burst 12554-12585: frame trans dang_deg rotation_deg gate6 cut
  12554 258.7 0.2918 0.2922 0 0
  12555 862.5 0.2918 0.2922 0 0
  12556 862.5 0.2918 0.2922 15 0
  12557 862.5 0.2918 0.2922 34 0
  12558 862.5 0.2918 0.2922 0 0
  12559 862.5 0.2918 0.2922 0 0
  12560 862.5 0.2918 0.2922 16 0
  12561 862.5 0.2918 0.2922 0 0
  12562 862.5 0.2918 0.2922 0 0
  12563 862.5 0.2918 0.2922 0 0
  12564 862.5 0.2918 0.2922 21 0
  12565 862.5 0.2918 0.2922 0 0
  12566 862.5 0.2918 0.2922 0 0
  12567 862.5 0.2918 0.2922 2 0
  12568 862.5 0.2918 0.2922 15 0
  12569 862.5 0.2918 0.2922 0 0
  12570 862.5 0.2918 0.2922 0 0
  12571 862.5 0.2918 0.2922 0 0
  12572 862.5 0.2918 0.2922 0 0
  12573 862.5 0.2918 0.2922 25 0
  12574 862.5 0.2918 0.2922 21 0
  12575 862.5 0.2918 0.2922 25 0
  12576 862.5 0.2918 0.2922 0 0
  12577 862.5 0.2918 0.2922 0 0
  12578 862.5 0.2918 0.2922 25 0
  12579 862.5 0.2918 0.2922 0 0
  12580 862.5 0.2918 0.2922 34 0
  12581 862.5 0.2918 0.2922 0 0
  12582 862.5 0.2918 0.2922 6 0
  12583 862.5 0.2918 0.2922 2 0
  12584 862.5 0.2918 0.2922 2 0
  12585 862.5 0.2918 0.2922 2 0
  ums [(12556, '15'), (12557, '34'), (12560, '16'), (12580, '34')]
