## fixture 02b red (600,540) n 150
  r/n    px   eng_R  eng_G  lin_luma  alpha>=.5
  0.00   177   1.697  0.758   1.1077  nan
  0.05   520   1.590  0.677   0.9274  nan
  0.10   900   1.327  0.436   0.5309  nan
  0.15  1212   1.108  0.217   0.2963  nan
  0.20  1612   1.010  0.106   0.2236  nan
  0.25  1928   0.979  0.063   0.2050  nan
  0.30  2324   0.970  0.045   0.1998  nan
  0.35  2592   0.959  0.039   0.1947  nan
  0.40  3052   0.892  0.050   0.1681  nan
  0.45  3316   0.710  0.116   0.1126  nan
  0.50  3756   0.521  0.183   0.0724  nan
  0.55  4044   0.312  0.161   0.0319  nan
  0.60  4416   0.130  0.079   0.0060  nan
  0.65  4760   0.043  0.022   0.0005  nan
  0.70  5144   0.021  0.009   0.0001  nan
  0.75  5448   0.010  0.008   0.0002  nan
  0.80  5888   0.006  0.007   0.0001  nan
  0.85  6108   0.006  0.007   0.0001  nan
  0.90  6604   0.006  0.007   0.0001  nan
  0.95  6860   0.006  0.007   0.0001  nan
  1.00  7292   0.006  0.007   0.0001  nan
  1.05  7536   0.006  0.007   0.0001  nan
  1.10  7980   0.006  0.007   0.0001  nan
  1.15  8296   0.006  0.007   0.0001  nan
  1.20  8696   0.006  0.007   0.0001  nan
  1.25  8936   0.006  0.007   0.0000  nan
  1.30  9448   0.006  0.007   0.0001  nan
  1.35  9660   0.006  0.007   0.0000  nan
  1.40 10136   0.006  0.007   0.0001  nan
  1.45 10392   0.006  0.007   0.0001  nan
## run416 7304 red_big3 h=0005b56d n 45.9 px f 0.983 detail 1.00
  r/n    px   eng_R  eng_G  lin_luma  alpha>=.5
  0.00    16   3.404  1.920   6.3805  0.00
  0.05    49   3.299  1.829   5.8591  0.00
  0.10    83   2.925  1.496   4.1414  0.00
  0.15   120   2.553  1.180   2.7783  0.00
  0.20   145   2.396  1.029   2.2640  0.00
  0.25   183   2.347  0.972   2.1015  0.00
  0.30   216   2.334  0.951   2.0520  0.00
  0.35   248   2.333  0.942   2.0362  0.00
  0.40   282   2.312  1.001   2.3310  0.35
  0.45   310   2.512  1.476   4.8558  1.00
  0.50   296   1.217  0.555   0.6893  1.00
  0.55   247   0.793  0.406   0.2661  0.93
  0.60   318   0.472  0.290   0.1787  0.59
  0.65   402   0.308  0.207   0.1800  0.21
  0.70   487   0.230  0.172   0.1831  0.00
  0.75   510   0.165  0.140   0.0783  0.00
  0.80   544   0.155  0.143   0.0548  0.00
  0.85   575   0.162  0.146   0.0780  0.00
  0.90   592   0.184  0.165   0.1084  0.00
  0.95   595   0.135  0.123   0.0831  0.00
  1.00   565   0.089  0.081   0.0311  0.00
  1.05   575   0.054  0.045   0.0083  0.00
  1.10   588   0.040  0.030   0.0008  0.00
  1.15   605   0.043  0.031   0.0015  0.00
  1.20   605   0.050  0.035   0.0063  0.01
  1.25   616   0.062  0.045   0.0177  0.01
  1.30   617   0.072  0.055   0.0263  0.00
  1.35   658   0.065  0.049   0.0195  0.02
  1.40   723   0.069  0.054   0.0243  0.04
  1.45   784   0.061  0.046   0.0163  0.07
## run414 4832 red_big3 h=0005b56c n 21.5 px f 0.995 detail 0.39
  r/n    px   eng_R  eng_G  lin_luma  alpha>=.5
  0.00     4   5.648  1.930  12.8640  0.00
  0.05    10   5.453  1.880  11.9669  0.00
  0.10    19   5.193  1.791  10.7531  0.00
  0.15    25   4.917  1.663   9.4309  0.00
  0.20    32   4.621  1.530   8.1238  0.00
  0.25    41   4.357  1.430   7.1070  0.00
  0.30    46   4.077  1.329   6.1186  0.00
  0.35    56   3.773  1.239   5.1879  0.00
  0.40    63   3.254  1.222   4.2474  0.33
  0.45    68   2.538  1.214   3.4946  0.99
  0.50    76   1.302  0.675   0.9019  1.00
  0.55    56   0.830  0.489   0.3282  0.98
  0.60    61   0.771  0.530   0.4879  0.61
  0.65    88   0.526  0.282   0.2572  0.03
  0.70   111   0.452  0.170   0.0885  0.00
  0.75   110   0.494  0.208   0.2174  0.00
  0.80   120   0.593  0.329   0.4643  0.00
  0.85   125   0.497  0.293   0.4488  0.00
  0.90   139   0.425  0.282   0.4378  0.00
  0.95   128   0.434  0.335   0.7755  0.00
  1.00   132   0.160  0.122   0.0836  0.00
  1.05   122   0.102  0.089   0.0646  0.00
  1.10   128   0.056  0.046   0.0038  0.00
  1.15   121   0.043  0.033   0.0010  0.00
  1.20   132   0.072  0.056   0.0226  0.00
  1.25   130   0.058  0.045   0.0128  0.01
  1.30   139   0.080  0.064   0.0304  0.00
  1.35   158   0.082  0.066   0.0318  0.04
  1.40   165   0.079  0.062   0.0260  0.04
  1.45   174   0.079  0.063   0.0234  0.05
