## run414 4832 red_huge h=0005b568 n 49.6 px f 0.971 detail 1.00 sector 173.0
  r/n    px   eng_R  eng_G  lin_luma  alpha>=.5
  0.00     6   4.616  2.123  10.2001  0.00
  0.05    20   4.478  2.028   9.4194  0.00
  0.10    31   4.090  1.666   7.1023  0.00
  0.15    47   3.735  1.302   5.2397  0.00
  0.20    57   3.582  1.094   4.4510  0.00
  0.25    71   3.563  1.008   4.3191  0.14
  0.30    84   3.372  0.668   3.7044  0.87
  0.35    98   3.139  0.500   3.1161  0.10
  0.40   108   2.938  0.256   2.5424  0.00
  0.45   124   2.673  0.364   2.1607  0.00
  0.50   134   2.265  0.642   1.8625  0.01
  0.55   149   1.771  0.701   1.4430  0.07
  0.60   161   1.320  0.547   1.0861  0.04
  0.65   172   1.023  0.356   0.8621  0.02
  0.70   190   0.793  0.216   0.6006  0.03
  0.75   197   0.648  0.150   0.4552  0.04
  0.80   216   0.476  0.097   0.2685  0.01
  0.85   223   0.418  0.092   0.2259  0.00
  0.90   244   0.287  0.087   0.1226  0.00
  0.95   245   0.220  0.091   0.0870  0.00
  1.00   268   0.159  0.076   0.0343  0.00
  1.05   273   0.155  0.074   0.0334  0.00
  1.10   291   0.122  0.063   0.0203  0.00
  1.15   300   0.134  0.072   0.0322  0.00
  1.20   317   0.151  0.114   0.0688  0.00
  1.25   329   0.192  0.117   0.1438  0.00
  1.30   343   0.131  0.068   0.0168  0.00
  1.35   354   0.100  0.062   0.0122  0.00
  1.40   368   0.094  0.065   0.0213  0.01
  1.45   379   0.079  0.054   0.0087  0.01
