## run414 4832 red_huge h=0005b568 n 49.6 px f 0.971 detail 1.00 sector -7.0
  r/n    px   eng_R  eng_G  lin_luma  alpha>=.5
  0.00     7   4.647  2.117  10.2643  0.00
  0.05    18   4.472  1.968   9.1704  0.00
  0.10    34   4.055  1.572   6.7293  0.00
  0.15    43   3.700  1.234   5.0021  0.00
  0.20    61   3.567  1.073   4.3780  0.00
  0.25    68   3.637  1.081   4.7394  0.28
  0.30    86   4.414  1.691  10.0142  1.00
  0.35    93   3.118  0.398   2.7639  1.00
  0.40   113   3.113  0.436   2.7515  0.99
  0.45   121   2.809  0.762   2.7904  0.40
  0.50   138   2.305  0.782   2.1455  0.00
  0.55   148   1.794  0.652   1.3723  0.00
  0.60   159   1.319  0.384   0.8240  0.01
  0.65   175   1.031  0.197   0.4002  0.01
  0.70   186   0.934  0.144   0.3159  0.01
  0.75   201   0.796  0.131   0.2445  0.00
  0.80   210   0.660  0.139   0.1843  0.00
  0.85   230   0.536  0.139   0.1238  0.00
  0.90   234   0.458  0.112   0.0839  0.00
  0.95   257   0.386  0.101   0.0511  0.00
  1.00   258   0.317  0.108   0.0469  0.00
  1.05   283   0.217  0.083   0.0177  0.00
  1.10   284   0.151  0.073   0.0087  0.00
  1.15   307   0.128  0.078   0.0192  0.01
  1.20   311   0.118  0.062   0.0056  0.01
  1.25   333   0.110  0.058   0.0056  0.00
  1.30   338   0.108  0.060   0.0064  0.00
  1.35   355   0.110  0.068   0.0181  0.01
  1.40   368   0.105  0.056   0.0045  0.01
  1.45   381   0.116  0.059   0.0049  0.00
