## run414 frame 4832 red_huge h=0005b568 centre (2526.7,626.2) dist 12155 vz 12118 f +0.971 value 939.2 n 49.6 px detail 1.00 disc_w 1.00 axial_w 0.50 disc_far 0.56
   other Ocelot nozzles within 4 n (name handle distance/n): red_big3 0005b56d 0.64, red_big3 0005b566 0.68, red_big3 0005b567 0.68, red_huge 0005b569 1.28, red_big3 0005b56f 1.54, red_big3 0005b56e 1.89, red_big3 0005b56b 2.73, red_big3 0005b56a 3.26, red_big3 0005b56c 3.66
  r/n        px  kept  engine R G B         luma_e  luma_lin      sky alpha>=.5    front  lin_sky lin_hull lin_plate dz/value
  0.00-0.25    486   486  3.867 1.391 1.165   1.9009   5.9259    0.000    0.000    0.000      nan    5.926      nan   -0.001
  0.25-0.50   1448  1448  3.422 0.722 0.572   1.2855   4.2659    0.000    0.458    0.000      nan    3.595    5.060   -0.040
  0.50-0.75   2410  2410  1.870 0.565 0.468   0.8354   2.2700    0.000    0.076    0.000      nan    1.882    6.991    0.054
  0.75-1.00   3387  3387  1.018 0.225 0.194   0.3915   1.1032    0.039    0.065    0.000    0.003    0.798    5.972    0.100
  1.00-1.25   4346  4346  0.606 0.193 0.170   0.2794   0.6026    0.244    0.039    0.000    0.003    0.591    4.520    0.207
  1.25-1.50   5323  5323  0.539 0.187 0.169   0.2606   0.5791    0.322    0.032    0.000    0.004    0.696    3.982    0.237
  1.50-1.75   6272  6272  0.424 0.135 0.129   0.1958   0.3328    0.398    0.048    0.000    0.006    0.254    3.998    0.481
  1.75-2.00   7243  7243  0.316 0.139 0.139   0.1769   0.4905    0.459    0.017    0.000    0.007    0.378   17.033    1.148
  2.00-2.25   8216  8216  0.200 0.092 0.103   0.1160   0.2951    0.510    0.017    0.000    0.007    0.049   15.618    1.849
  2.25-2.50   9181  9181  0.124 0.070 0.084   0.0827   0.0179    0.554    0.003    0.000    0.007    0.028    0.698    2.301
  2.50-2.75  10149 10149  0.204 0.092 0.112   0.1174   0.1516    0.661    0.018    0.000    0.006    0.291    3.047    2.064
  2.75-3.00  11103 11103  0.195 0.091 0.117   0.1152   0.1857    0.738    0.031    0.000    0.006    0.315    3.532    3.718
  3.00-3.25  12076 12076  0.174 0.079 0.108   0.1009   0.0960    0.747    0.017    0.000    0.005    0.215    2.454    4.174
  3.25-3.50  13045 13045  0.188 0.086 0.111   0.1097   0.1155    0.732    0.017    0.000    0.005    0.294    2.230    4.508
  3.50-3.75  14017 14017  0.183 0.089 0.112   0.1109   0.1355    0.725    0.008    0.000    0.005    0.433    1.966    4.599
  3.75-4.00  14981 14981  0.130 0.072 0.097   0.0862   0.0459    0.754    0.005    0.000    0.005    0.147    1.230    4.838
  energy (background 0.0862 / 0.04593 subtracted): 0.0-0.5 n 25.4% / 25.1%; 0.5-1.0 n 27.6% / 25.1%; 1.0-2.0 n 30.3% / 28.9%; 2.0-4.0 n 16.6% / 20.9%  (engine luma / decoded luma); total 10281 / 35620
## run414 frame 4832 red_big3 h=0005b56c centre (2345.1,618.4) dist 16569 vz 16290 f +0.995 value 548.1 n 21.5 px detail 0.39 disc_w 1.00 axial_w 0.50 disc_far 0.50
   other Ocelot nozzles within 4 n (name handle distance/n): red_big3 0005b56a 2.87, red_big3 0005b56b 3.58
  r/n        px  kept  engine R G B         luma_e  luma_lin      sky alpha>=.5    front  lin_sky lin_hull lin_plate dz/value
  0.00-0.25     90    90  4.962 1.679 1.443   2.3598   9.6796    0.000    0.000    0.000      nan    9.680      nan    0.004
  0.25-0.50    274   274  3.486 1.273 1.031   1.7256   4.9948    0.000    0.321    0.000      nan    5.590    3.737   -0.008
  0.50-0.75    458   392  0.737 0.395 0.274   0.4588   0.3805    0.000    0.436    0.144      nan    0.153    0.674   -0.085
  0.75-1.00    632   622  0.486 0.291 0.129   0.3208   0.4756    0.000    0.000    0.016      nan    0.476      nan    0.179
  1.00-1.25    824   635  0.087 0.070 0.039   0.0714   0.0355    0.000    0.000    0.229      nan    0.035      nan    0.145
  1.25-1.50    999   766  0.076 0.061 0.047   0.0629   0.0252    0.032    0.029    0.233    0.002    0.027    0.002    1.893
  1.50-1.75   1186  1042  0.076 0.058 0.049   0.0613   0.0190    0.092    0.060    0.121    0.002    0.020    0.040    1.313
  1.75-2.00   1368  1152  0.103 0.079 0.070   0.0836   0.2237    0.208    0.064    0.158    0.001    0.014    3.326    0.500
  2.00-2.25   1541  1194  0.113 0.087 0.079   0.0918   0.4869    0.252    0.065    0.225    0.001    0.010    7.352    0.388
  2.25-2.50   1733  1083  0.053 0.036 0.044   0.0399   0.0028    0.262    0.003    0.375    0.001    0.002    0.375    0.764
  2.50-2.75   1918  1077  0.050 0.034 0.047   0.0382   0.0012    0.277    0.000    0.438    0.001    0.001      nan    2.288
  2.75-3.00   2092  1151  0.052 0.034 0.050   0.0390   0.0014    0.305    0.000    0.450    0.001    0.001      nan    4.678
  3.00-3.25   2276  1257  0.053 0.034 0.049   0.0393   0.0015    0.304    0.000    0.448    0.001    0.002      nan    4.153
  3.25-3.50   2453  1425  0.050 0.031 0.051   0.0367   0.0012    0.367    0.000    0.419    0.001    0.002      nan    0.534
  3.50-3.75   2639  1758  0.058 0.038 0.063   0.0441   0.0033    0.495    0.000    0.334    0.004    0.002      nan    1.249
  3.75-4.00   2827  2036  0.056 0.036 0.062   0.0421   0.0017    0.563    0.000    0.280    0.001    0.003      nan    1.453
  energy (background 0.0421 / 0.00170 subtracted): 0.0-0.5 n 53.9% / 58.3%; 0.5-1.0 n 29.5% / 12.3%; 1.0-2.0 n 10.0% / 9.7%; 2.0-4.0 n 6.6% / 19.7%  (engine luma / decoded luma); total 1245 / 3851
