## run416 7304 red_huge h=0005b568 n 164.7 px f 0.813 detail 1.00 sector 90.0
  r/n    px   eng_R  eng_G  lin_luma  alpha>=.5
  0.00    70   2.667  1.641   4.1276  0.00
  0.05   214   2.544  1.555   3.6971  0.00
  0.10   354   2.295  1.306   2.7072  0.00
  0.15   498   2.087  1.083   2.0055  0.00
  0.20   644   1.883  0.916   1.5980  0.00
  0.25   776   1.740  0.807   1.3952  0.31
  0.30   924   1.550  0.581   1.1085  0.64
  0.35  1063   1.287  0.244   0.4424  0.58
  0.40  1206   1.171  0.213   0.3502  0.47
  0.45  1357   1.019  0.290   0.3093  0.38
  0.50  1486   0.749  0.316   0.2170  0.19
  0.55  1623   0.566  0.308   0.1629  0.00
  0.60  1788   0.352  0.169   0.0446  0.00
  0.65  1920   0.221  0.084   0.0138  0.00
  0.70  2052   0.161  0.058   0.0081  0.00
  0.75  2205   0.135  0.055   0.0070  0.00
  0.80  2356   0.088  0.054   0.0084  0.00
  0.85  2472   0.056  0.050   0.0050  0.00
  0.90  2640   0.049  0.034   0.0028  0.00
  0.95  2764   0.082  0.030   0.0041  0.00
  1.00  2908   0.047  0.017   0.0019  0.00
  1.05  3065   0.013  0.007   0.0003  0.00
  1.10  3191   0.006  0.004   0.0001  0.00
  1.15  3336   0.005  0.003   0.0001  0.00
  1.20  3481   0.003  0.002   0.0000  0.00
  1.25  3621   0.003  0.002   0.0000  0.00
  1.30  3774   0.002  0.001   0.0000  0.00
  1.35  3899   0.002  0.001   0.0001  0.00
  1.40  4034   0.002  0.002   0.0005  0.00
  1.45  4215   0.001  0.001   0.0000  0.00
