## run414 4832 red_huge h=0005b568 n 49.6 px f 0.971 detail 1.00 sector 90.0
  r/n    px   eng_R  eng_G  lin_luma  alpha>=.5
  0.00     7   4.610  2.109  10.1222  0.00
  0.05    19   4.412  1.957   8.9569  0.00
  0.10    33   3.996  1.553   6.5225  0.00
  0.15    45   3.686  1.226   4.9517  0.00
  0.20    60   3.558  1.066   4.3443  0.00
  0.25    70   3.601  1.049   4.5444  0.26
  0.30    83   3.900  1.200   6.7753  0.98
  0.35    98   2.970  0.376   2.5062  0.64
  0.40   108   2.881  0.402   2.4713  0.31
  0.45   124   2.429  0.476   1.8068  0.02
  0.50   134   1.835  0.658   1.2761  0.00
  0.55   148   1.234  0.626   0.8231  0.00
  0.60   161   0.638  0.297   0.1818  0.00
  0.65   174   0.366  0.128   0.0483  0.00
  0.70   181   0.227  0.087   0.0154  0.00
  0.75   205   0.128  0.065   0.0067  0.00
  0.80   210   0.102  0.055   0.0039  0.00
  0.85   230   0.133  0.057   0.0057  0.00
  0.90   236   0.110  0.054   0.0043  0.00
  0.95   253   0.094  0.051   0.0035  0.00
  1.00   262   0.093  0.052   0.0033  0.00
  1.05   282   0.077  0.044   0.0023  0.00
  1.10   285   0.076  0.045   0.0038  0.00
  1.15   304   0.074  0.045   0.0025  0.00
  1.20   315   0.073  0.046   0.0022  0.00
  1.25   335   0.102  0.070   0.0981  0.00
  1.30   337   0.076  0.047   0.0023  0.00
  1.35   357   0.074  0.048   0.0023  0.00
  1.40   362   0.081  0.053   0.0130  0.00
  1.45   385   0.073  0.049   0.0028  0.01
