## run416 frame 7304 red_huge h=0005b568 centre (2251.0,659.9) dist 3758 vz 3649 f +0.813 value 939.2 n 164.7 px detail 1.00 disc_w 1.00 axial_w 0.50 disc_far 1.00
   other Ocelot nozzles within 4 n (name handle distance/n): red_big3 0005b56a 0.40, red_big3 0005b566 0.62, red_big3 0005b56b 0.65, red_big3 0005b567 0.68, red_huge 0005b569 1.18, red_big3 0005b56c 1.66, red_big3 0005b56f 2.68, red_big3 0005b56e 3.09, red_big3 0005b56d 3.76
  r/n        px  kept  engine R G B         luma_e  luma_lin      sky alpha>=.5    front  lin_sky lin_hull lin_plate dz/value
  0.00-0.25   5333  5333  1.960 1.058 0.852   1.2348   2.1019    0.000    0.003    0.000      nan    2.103    1.791   -0.002
  0.25-0.50  15988 15988  1.386 0.362 0.280   0.5736   0.6898    0.000    0.426    0.000      nan    0.382    1.104   -0.015
  0.50-0.75  26629 26629  0.738 0.289 0.231   0.3802   0.4032    0.000    0.109    0.000      nan    0.321    1.073    0.031
  0.75-1.00  37282 37282  0.429 0.128 0.104   0.1899   0.1827    0.174    0.045    0.000    0.004    0.164    1.208    0.058
  1.00-1.25  47937 47937  0.327 0.124 0.101   0.1657   0.2009    0.422    0.036    0.000    0.011    0.290    1.087    0.123
  1.25-1.50  58622 58622  0.240 0.091 0.071   0.1211   0.1264    0.500    0.050    0.000    0.005    0.161    1.022    0.134
  1.50-1.75  69263 69263  0.120 0.044 0.033   0.0593   0.0323    0.532    0.039    0.000    0.002    0.033    0.445    0.209
  1.75-2.00  79903 79903  0.056 0.024 0.019   0.0304   0.0042    0.550    0.007    0.000    0.001    0.008    0.013    0.558
  2.00-2.25  90553 90553  0.044 0.025 0.019   0.0282   0.0050    0.571    0.003    0.000    0.000    0.011    0.016    1.091
  2.25-2.50 101214 101214  0.049 0.027 0.021   0.0312   0.0328    0.689    0.004    0.000    0.000    0.092    1.023    1.803
  2.50-2.75 111850 111850  0.098 0.046 0.041   0.0567   0.1635    0.723    0.012    0.000    0.000    0.158    9.814    2.020
  2.75-3.00 122550 122357  0.074 0.033 0.031   0.0418   0.1320    0.734    0.011    0.002    0.000    0.044   11.201    2.480
  3.00-3.25 133218 130632  0.084 0.038 0.036   0.0475   0.1427    0.760    0.011    0.019    0.000    0.167    9.661    3.004
  3.25-3.50 143830 138898  0.029 0.015 0.020   0.0187   0.0116    0.805    0.006    0.034    0.000    0.023    1.261    4.099
  3.50-3.75 154474 149312  0.040 0.022 0.025   0.0258   0.0205    0.856    0.005    0.033    0.000    0.114    1.498    4.187
  3.75-4.00 165096 158539  0.039 0.020 0.025   0.0247   0.0202    0.861    0.003    0.040    0.000    0.135    1.941    4.237
  energy (background 0.0247 / 0.02019 subtracted): 0.0-0.5 n 27.2% / 21.5%; 0.5-1.0 n 27.9% / 16.1%; 1.0-2.0 n 27.3% / 15.6%; 2.0-4.0 n 17.7% / 46.8%  (engine luma / decoded luma); total 56007 / 101156
## run416 frame 7304 red_big3 h=0005b567 centre (2224.9,769.4) dist 3780 vz 3654 f +0.808 value 548.1 n 96.0 px detail 1.00 disc_w 1.00 axial_w 0.50 disc_far 0.78
   other Ocelot nozzles within 4 n (name handle distance/n): red_big3 0005b56a 0.54, red_big3 0005b566 0.72, red_big3 0005b56b 0.91, red_huge 0005b569 0.95, red_huge 0005b568 1.17, red_big3 0005b56c 3.26
  r/n        px  kept  engine R G B         luma_e  luma_lin      sky alpha>=.5    front  lin_sky lin_hull lin_plate dz/value
  0.00-0.25   1813  1813  1.999 0.921 0.775   1.1396   2.1307    0.000    0.382    0.000      nan    2.173    2.062   -0.000
  0.25-0.50   5428  5083  1.601 0.273 0.234   0.5525   0.7286    0.000    0.188    0.064      nan    0.648    1.075    0.099
  0.50-0.75   9047  8725  1.306 0.443 0.358   0.6206   0.8100    0.000    0.168    0.036      nan    0.661    1.550    0.072
  0.75-1.00  12664 12372  1.323 0.519 0.411   0.6823   1.0154    0.000    0.198    0.023      nan    0.930    1.362    0.005
  1.00-1.25  16280 15314  1.101 0.453 0.367   0.5841   0.8396    0.000    0.171    0.059      nan    0.793    1.067    0.050
  1.25-1.50  19904 18418  0.872 0.344 0.274   0.4514   0.5400    0.015    0.209    0.075    0.153    0.407    1.063    0.158
  1.50-1.75  23514 21726  0.628 0.200 0.151   0.2874   0.2490    0.102    0.210    0.076    0.063    0.149    0.672    0.119
  1.75-2.00  27137 25347  0.349 0.111 0.087   0.1596   0.0806    0.176    0.076    0.066    0.026    0.067    0.347    0.127
  2.00-2.25  30764 29669  0.188 0.068 0.055   0.0926   0.0221    0.237    0.011    0.036    0.011    0.026    0.013    0.213
  2.25-2.50  34372 34372  0.119 0.051 0.038   0.0643   0.0112    0.280    0.012    0.000    0.006    0.013    0.010    0.277
  2.50-2.75  37999 37999  0.082 0.037 0.027   0.0456   0.0033    0.328    0.001    0.000    0.002    0.004    0.015    0.543
  2.75-3.00  41622 41622  0.063 0.028 0.023   0.0348   0.0070    0.439    0.002    0.000    0.000    0.012    0.007    0.747
  3.00-3.25  45227 45227  0.031 0.015 0.015   0.0184   0.0006    0.630    0.000    0.000    0.000    0.001    0.004    1.725
  3.25-3.50  48855 48855  0.037 0.021 0.018   0.0245   0.0249    0.666    0.000    0.000    0.001    0.073    0.790    2.335
  3.50-3.75  52472 52472  0.050 0.023 0.021   0.0284   0.0239    0.683    0.002    0.000    0.000    0.071    0.688    2.968
  3.75-4.00  56096 56096  0.099 0.048 0.042   0.0585   0.1738    0.688    0.019    0.000    0.000    0.063    8.029    3.146
  energy (background 0.0585 / 0.17385 subtracted): 0.0-0.5 n 10.7% / 15.3%; 0.5-1.0 n 29.9% / 38.3%; 1.0-2.0 n 56.5% / 46.4%; 2.0-4.0 n 2.9% / 0.0%  (engine luma / decoded luma); total 43373 / 42863
## run416 frame 7304 red_big3 h=0005b56d centre (2824.1,894.4) dist 7869 vz 7639 f +0.983 value 548.1 n 45.9 px detail 1.00 disc_w 1.00 axial_w 0.50 disc_far 0.55
   other Ocelot nozzles within 4 n (name handle distance/n): 
  r/n        px  kept  engine R G B         luma_e  luma_lin      sky alpha>=.5    front  lin_sky lin_hull lin_plate dz/value
  0.00-0.25    413   413  2.694 1.296 1.064   1.5767   3.3768    0.000    0.000    0.000      nan    3.377      nan    0.001
  0.25-0.50   1239  1239  2.375 1.095 0.875   1.3513   2.8212    0.000    0.329    0.000      nan    2.034    4.424   -0.008
  0.50-0.75   2078  1750  0.538 0.299 0.194   0.3426   0.2789    0.000    0.457    0.158      nan    0.205    0.367   -0.067
  0.75-1.00   2894  2816  0.160 0.143 0.061   0.1410   0.0810    0.000    0.000    0.027      nan    0.081      nan    0.153
  1.00-1.25   3724  2938  0.055 0.044 0.028   0.0452   0.0094    0.078    0.001    0.211    0.002    0.010    0.002    0.082
  1.25-1.50   4552  3398  0.066 0.050 0.045   0.0528   0.0207    0.181    0.031    0.254    0.001    0.028    0.001    0.308
  1.50-1.75   5381  4615  0.068 0.052 0.046   0.0546   0.0338    0.213    0.066    0.142    0.001    0.018    0.322    0.403
  1.75-2.00   6222  5540  0.082 0.064 0.057   0.0674   0.1935    0.248    0.059    0.110    0.001    0.017    3.099    0.457
  2.00-2.25   7032  6411  0.078 0.058 0.050   0.0620   0.0517    0.277    0.054    0.088    0.001    0.012    0.817    0.522
  2.25-2.50   7857  6540  0.050 0.032 0.036   0.0364   0.0025    0.299    0.006    0.168    0.001    0.003    0.010    1.021
  2.50-2.75   8695  6920  0.050 0.033 0.037   0.0366   0.0034    0.315    0.000    0.204    0.001    0.005      nan    1.414
  2.75-3.00   9539  7458  0.050 0.032 0.039   0.0365   0.0021    0.337    0.000    0.218    0.001    0.003      nan    1.487
  3.00-3.25  10337  7606  0.054 0.034 0.042   0.0387   0.0023    0.337    0.000    0.264    0.001    0.004      nan    1.537
  3.25-3.50  11176  7539  0.052 0.032 0.042   0.0368   0.0018    0.323    0.000    0.325    0.001    0.003      nan    0.927
  3.50-3.75  12011  7616  0.050 0.029 0.046   0.0350   0.0010    0.379    0.000    0.366    0.001    0.001      nan    3.583
  3.75-4.00  12832  7874  0.054 0.037 0.052   0.0415   0.0057    0.395    0.000    0.386    0.001    0.014      nan    4.238
  energy (background 0.0415 / 0.00571 subtracted): 0.0-0.5 n 62.6% / 66.1%; 0.5-1.0 n 25.2% / 10.6%; 1.0-2.0 n 8.2% / 18.9%; 2.0-4.0 n 4.0% / 4.4%  (engine luma / decoded luma); total 3614 / 7399
