win frames valid cuts step_med step_p90 step_sum rotdeg_per_frame_med p90 (from r matrix delta) still_frames(step<1e-3&rot<0.01)
W1 300 0 0 nan nan 0.0 nan nan 0
W2 300 12 0 0.000 0.000 0.0 0.0000 0.0000 11
W3 300 300 0 0.000 0.000 0.0 0.0000 0.0000 300
W4 300 300 0 0.000 0.000 0.0 0.0000 0.0000 300
W5 300 299 2 0.000 135.470 347463.1 0.0000 1.3940 143
W6 300 300 1 972.846 2804.218 426091.6 0.7587 1.9802 0
W7 300 300 0 661.365 1741.852 263921.6 0.4951 1.3693 0
W8 300 300 0 272.906 963.132 113044.5 0.2585 0.8294 0
W9 300 300 0 0.164 16.089 1429.6 0.0000 0.0000 8
W10 300 300 0 0.000 130.907 8051.2 0.0000 0.0170 260
W11 300 300 0 25.271 28.461 7475.4 0.2337 0.2367 0
W12 300 265 0 27.533 70.037 15500.7 0.2337 0.2343 0
W13 300 55 2 0.000 0.000 110.2 1.0961 1.0961 3
W14 300 300 0 0.004 0.066 9.9 0.1826 0.3796 36
W15 300 300 0 0.000 0.000 0.0 0.2195 0.2195 0
W16 300 300 0 8.671 13.835 2206.7 0.2705 1.7881 0
W17 300 300 0 11.412 12.703 3498.6 0.0000 0.1144 0
W18 300 300 0 11.831 13.467 3634.9 0.0000 0.0000 0
W19 300 300 0 12.240 14.284 4295.5 0.0000 0.0000 0
W20 181 112 0 13.461 23.505 1765.8 0.0000 0.1704 0
