== run251 fog applied frames 37917 calls hist {'338': 37917}
 fog cpu_us (skip first 200 applied) p50 682.2 p95 1430.0 mean 751.3
 fog cpu_us p50 per 300-frame window: 300:1041 600:838 900:676 1200:554 1500:580 1800:626 2100:649 2400:730 2700:709 3000:726 3300:689 3600:674 3900:725 4200:727 4500:712 4800:763 5100:722 5400:725 5700:710 6000:764 6300:704 6900:833 7200:806 7500:796 7800:1020 8100:1317 8400:1410 8700:769 9000:748 9300:676 9600:670 9900:680 10200:659 10500:659 10800:660 11100:660 11400:686 11700:673 12000:714 12300:703 12600:709 12900:706 13200:693 13500:697 13800:746 14100:720 14400:694 14700:687 15000:739 15300:706 15600:968 15900:1033 16200:909 16500:908 16800:916 17100:927 17400:948 17700:1453 18000:1486 18300:1596 18600:1586 18900:1505 19200:1348 19500:1446 19800:1115 20100:939 20400:818 20700:760 21000:773 21300:716 21600:640 21900:630 22200:633 22500:654 22800:618 23100:584 23400:587 23700:560 24000:601 24300:581 24600:739 24900:662 25200:662 25500:695 25800:819 26100:774 26400:742 26700:770 27000:746 27300:762 27600:780 27900:668 28200:597 28500:591 28800:566 29100:540 29400:525 29700:513 30000:516 30300:519 30600:512 30900:485 31200:471 31500:472 31800:446 32100:427 32400:425 32700:458 33000:465 33300:494 33600:468 33900:436 34200:390 34500:404 34800:412 35100:523 35400:488 35700:428 36000:369 36300:438 36600:465 36900:440 37200:458 37500:448 37800:409 38100:390 38400:429 38700:414 39000:439 39300:466 39600:457
 frame_timing (frame dt_p50 dt_p95 draws_p50 draw_p50_us gap_draw_p50):
   300 18124 27523 402 2329 9829
   600 18485 24804 164 2306 6437
   900 14874 26375 164 1726 5828
   1200 13538 18493 134 1296 4408
   1500 12431 15908 134 1199 4127
   1800 15941 23502 186 1701 5389
   2100 14908 19143 193 1878 5782
   2400 14308 17694 202 1813 5518
   2700 15822 19695 228 1961 6372
   3000 13958 18024 165 1463 4893
   3300 14474 17660 192 1620 5413
   3600 13944 58979 169 1440 4886
   3900 15149 17263 218 1911 6016
   4200 15322 17848 211 1790 5959
   4500 13346 14773 160 1362 4502
   4800 12461 13632 160 1352 4442
   5100 13389 17796 160 1383 4479
   5400 13254 14355 160 1363 4462
   5700 13268 13735 160 1364 4446
   6000 12842 13786 160 1380 4424
   6300 13246 17110 160 1368 4427
   6600 12471 13917 160 1343 4434
   6900 12805 15237 160 1418 4419
   7200 15239 18995 192 1741 5578
   7500 17973 20270 253 2302 7205
   7800 12793 17823 129 1166 4067
   8100 17643 20298 236 2136 6688
   8400 18248 23672 199 1857 5802
   8700 23432 30229 236 2697 7905
   9000 12348 16084 113 1042 3802
   9300 14727 17537 188 1711 5460
   9600 11009 12188 95 811 3073
   9900 10733 12085 95 806 2986
   10200 10916 13027 95 814 3007
   10500 10720 11299 95 803 2996
   10800 11903 12534 129 1111 3886
   11100 12106 12545 129 1115 3852
   11400 11996 13323 129 1121 3842
   11700 13785 17471 137 1351 4505
   12000 16457 18399 254 2175 7016
   12300 16946 19076 254 2154 6926
   12600 15255 17789 211 1828 6207
   12900 13865 16042 162 1441 5086
   13200 14023 16663 173 1474 5231
   13500 13915 14930 166 1454 5133
   13800 15300 17865 219 1887 6361
   14100 16216 18800 228 2032 6670
   14400 14984 17624 191 1661 5668
   14700 14619 15606 188 1615 5403
   15000 12705 15116 129 1117 4010
   15300 16159 19651 224 2004 6430
   15600 16412 17794 229 2035 6548
   15900 14537 17199 200 1697 5683
   16200 16064 18354 238 2024 6093
   16500 12849 14811 142 1212 4049
   16800 12321 13409 142 1192 4012
   17100 12177 14351 141 1207 4018
   17400 12890 14125 160 1352 4212
   17700 13175 14550 163 1393 4458
   18000 17198 21682 112 1378 4525
   18300 18552 24351 106 1502 4738
   18600 20925 27688 104 1538 4636
   18900 21400 38644 104 1555 4486
   19200 19908 25655 128 1774 5078
   19500 18371 23482 133 1853 5353
   19800 21477 25980 165 2400 6818
   20100 18948 22503 163 1793 5942
   20400 18053 38491 158 1502 5078
   20700 16177 18449 160 1499 4972
   21000 14280 18194 142 1183 4042
   21300 13655 18326 127 1077 3757
   21600 11499 17186 105 897 3102
   21900 9843 12376 56 437 1889
   22200 9415 11674 54 417 1817
   22500 9880 12634 61 460 1961
   22800 10437 11968 91 752 2603
   23100 10166 10871 90 758 2606
   23400 9778 11120 71 588 2124
   23700 10229 11388 100 730 2650
   24000 9932 10527 98 714 2639
   24300 10029 11351 73 529 2121
   24600 9245 25841 61 467 1871
   24900 20729 25649 541 3326 10264
   25200 16096 18109 305 1959 6476
   25500 14991 20719 255 1853 6186
   25800 15229 19348 254 1831 5858
   26100 14843 19006 215 1533 5164
   26400 13927 15789 211 1461 4943
   26700 13496 17772 207 1433 4972
   27000 13148 14712 203 1397 4910
   27300 13026 14466 204 1404 4908
   27600 13153 14972 206 1420 5006
   27900 13100 15281 204 1400 4879
   28200 12524 14555 186 1191 4381
   28500 12753 13851 186 1286 4544
   28800 12458 14938 181 1257 4396
   29100 9964 11481 110 628 2615
   29400 9697 10754 107 610 2585
   29700 9993 11893 108 631 2634
   30000 9806 10991 109 624 2588
   30300 9840 11472 107 637 2541
   30600 9882 11176 108 728 2545
   30900 9721 11053 108 718 2525
   31200 8324 9699 55 407 1634
   31500 8195 9472 53 382 1597
   31800 8278 10632 53 390 1600
   32100 8159 11744 53 385 1594
   32400 7939 14221 58 420 1708
   32700 8021 14040 53 383 1623
   33000 8991 11003 56 408 1673
   33300 9431 11042 55 450 1785
   33600 9352 12219 54 418 1692
   33900 8550 12073 54 404 1601
   34200 8390 10179 53 384 1562
   34500 7896 14027 52 383 1567
   34800 9033 10334 78 528 2074
   35100 9004 13953 65 770 1869
   35400 13063 14090 294 1354 5558
   35700 12755 14286 293 1337 5576
   36000 8576 14232 82 513 1983
   36300 8020 14018 71 473 1942
   36600 10005 11099 147 815 3498
   36900 11415 13235 206 1003 4281
   37200 11081 12479 190 861 3885
   37500 10378 12127 152 754 3524
   37800 10502 11711 180 860 3833
   38100 8358 13896 85 461 2184
   38400 8297 9716 95 452 2003
   38700 10156 14665 76 416 1873
   39000 9906 16107 84 481 2115
   39300 10804 16774 139 788 3101
   39600 9366 14100 109 702 2623
 retention frames 39318 cascade caps {'128,512,1024,1024,1024': 19}
   live_c0 mean 7.6 max 34 nz 39316 | capped_c0 mean 0.0 max 0 nz 0 | footprint_refused0 absent | footprint_aged0 absent
   live_c1 mean 8.9 max 38 nz 39316 | capped_c1 mean 0.0 max 0 nz 0 | footprint_refused1 absent | footprint_aged1 absent
   live_c2 mean 15.1 max 90 nz 39316 | capped_c2 mean 0.0 max 0 nz 0 | footprint_refused2 absent | footprint_aged2 absent
   live_c3 mean 31.3 max 163 nz 27993 | capped_c3 mean 0.0 max 0 nz 0 | footprint_refused3 absent | footprint_aged3 absent
   live_c4 mean 55.2 max 203 nz 36396 | capped_c4 mean 0.0 max 0 nz 0 | footprint_refused4 absent | footprint_aged4 absent
== run250 fog applied frames 7411 calls hist {'324': 7411}
 fog cpu_us (skip first 200 applied) p50 781.5 p95 1355.7 mean 892.4
 fog cpu_us p50 per 300-frame window: 300:1845 600:1405 900:1196 1200:686 1500:624 1800:578 2100:641 2400:634 2700:655 3000:676 3300:726 3600:688 3900:627 4200:597 4500:596 4800:689 5100:1171 5400:1038 5700:1127 6000:1135 6300:1070 6600:1115 6900:1118 7200:1168 7500:1144 7800:1096
 frame_timing (frame dt_p50 dt_p95 draws_p50 draw_p50_us gap_draw_p50):
   300 16822 26822 402 2285 9458
   600 19415 51475 444 2520 10689
   900 22310 47556 133 2223 7050
   1200 18696 27014 139 1484 5365
   1500 12386 19107 64 604 2933
   1800 11540 12889 89 791 3237
   2100 10953 12465 89 779 3086
   2400 12889 20788 89 800 3204
   2700 13224 17843 90 790 2939
   3000 13029 16318 89 798 2888
   3300 14306 16398 104 930 3301
   3600 14730 17722 104 978 3407
   3900 12570 17144 120 1018 3455
   4200 12313 14136 103 918 3139
   4500 10258 12369 75 618 2382
   4800 9982 12844 71 563 2250
   5100 10734 20978 76 634 2501
   5400 21224 23216 366 3138 9611
   5700 20668 23743 350 3061 9643
   6000 23692 26147 376 3340 10137
   6300 23809 26538 391 3441 10525
   6600 21781 23632 391 3432 10324
   6900 21940 23870 391 3447 10363
   7200 21603 23870 391 3430 10671
   7500 21745 25358 391 3438 10306
   7800 21572 22954 391 3428 10188
   8100 18457 23971 401 2513 9910
   8400 20408 33830 162 2289 7617
   8700 22352 26705 164 2402 7553
   9000 22806 37034 163 2016 6833
   9300 17485 20673 156 1660 5827
   9600 23395 27422 368 3600 11701
   9900 24661 27974 415 3892 12222
   10200 24617 27892 415 3891 12173
   10500 23962 26282 415 3773 11817
   10800 23063 26454 416 3722 11297
   11100 24282 27944 416 3734 11889
   11400 24588 29508 416 3844 12073
   11700 24075 26512 416 3754 12026
   12000 23264 25123 416 3704 11952
 retention frames 11192 cascade caps {'128,512,1024,1024,1024': 18}
   live_c0 mean 17.1 max 50 nz 11191 | capped_c0 mean 0.0 max 0 nz 0 | footprint_refused0 absent | footprint_aged0 absent
   live_c1 mean 18.3 max 50 nz 11191 | capped_c1 mean 0.0 max 0 nz 0 | footprint_refused1 absent | footprint_aged1 absent
   live_c2 mean 26.1 max 63 nz 11191 | capped_c2 mean 0.0 max 0 nz 0 | footprint_refused2 absent | footprint_aged2 absent
   live_c3 mean 48.0 max 98 nz 11192 | capped_c3 mean 0.0 max 0 nz 0 | footprint_refused3 absent | footprint_aged3 absent
   live_c4 mean 177.8 max 344 nz 11192 | capped_c4 mean 0.0 max 0 nz 0 | footprint_refused4 absent | footprint_aged4 absent
