3299 20 0 18 54 0 2 0 374.3 20 0
3599 1160 844 316 18402 9280 0 844 61291.8 1180 9280
3899 48 48 0 772 772 0 48 3190.3 1228 10052
12899 49 35 13 453 108 1 35 1869.5 1277 10160
13199 76 54 22 597 170 0 54 2299.5 1353 10330
13499 103 20 83 687 43 0 20 1025.3 1456 10373
13799 68 20 48 462 73 0 20 1018.5 1524 10446
14099 244 118 126 4392 701 0 118 7639.9 1768 11147
14399 164 69 95 2976 480 0 69 3928.6 1932 11627
14699 113 53 60 1836 353 0 53 2687.3 2045 11980
14999 91 64 27 681 161 0 64 2696.5 2136 12141
15299 69 42 27 630 110 0 42 1830.7 2205 12251
15599 102 53 49 699 111 0 53 2574.9 2307 12362
15899 4 2 2 24 4 0 2 90.2 2311 12366
