frame draws joined/scoped | census_rows views part_nodes visits_per_part_node(min,max) | part_draws hidden_draws | nodes_with_hidden nodes_all_hidden draws_on_all_hidden_nodes
4220 199 192/199 | 396 8 95 (1,1) | 120 33 | 31 30 30
4221 194 187/194 | 385 7 95 (1,1) | 120 34 | 32 31 31
4222 201 194/201 | 375 7 96 (1,1) | 127 33 | 31 30 30
4223 199 192/199 | 363 7 94 (1,1) | 125 32 | 30 29 29
4224 204 197/204 | 362 7 95 (1,1) | 132 34 | 32 30 30
4225 218 211/218 | 356 7 97 (1,1) | 146 40 | 32 30 36
4226 216 209/216 | 350 7 97 (1,1) | 146 42 | 33 31 37
4227 220 213/220 | 342 7 96 (1,1) | 151 48 | 34 31 43
6115 227 220/227 | 214 7 84 (1,1) | 164 67 | 40 34 40
6116 218 211/218 | 210 7 82 (1,1) | 157 69 | 41 35 41
6117 218 211/218 | 210 7 82 (1,1) | 157 66 | 41 34 34
6118 222 215/222 | 217 8 82 (1,1) | 157 68 | 41 34 34
6119 218 211/218 | 210 7 82 (1,1) | 157 65 | 40 33 33
6120 218 211/218 | 210 7 82 (1,1) | 157 65 | 40 33 33
6121 222 215/222 | 217 8 82 (1,1) | 157 66 | 41 34 34
6122 221 214/221 | 215 8 82 (1,1) | 157 67 | 41 34 34
6293 238 231/238 | 221 7 88 (1,1) | 178 87 | 46 38 49
6294 238 231/238 | 221 7 88 (1,1) | 178 87 | 46 39 54
6295 238 231/238 | 221 7 88 (1,1) | 178 88 | 46 39 54
6296 243 236/243 | 228 8 88 (1,1) | 178 88 | 46 39 54
6297 238 231/238 | 221 7 88 (1,1) | 178 88 | 46 39 54
6298 242 235/242 | 228 8 88 (1,1) | 178 87 | 46 38 49
6299 238 231/238 | 221 7 88 (1,1) | 178 86 | 46 38 49
6300 238 231/238 | 221 7 88 (1,1) | 178 91 | 48 41 58
5116 241 234/241 | 222 7 88 (1,1) | 178 78 | 46 38 49
5117 241 234/241 | 222 7 88 (1,1) | 178 77 | 45 38 48
5118 251 244/251 | 236 8 88 (1,1) | 178 75 | 44 37 47
5119 241 234/241 | 222 7 88 (1,1) | 178 76 | 45 38 48
5120 241 234/241 | 222 7 88 (1,1) | 178 74 | 44 37 47
5121 241 234/241 | 222 7 88 (1,1) | 178 78 | 46 37 47
5122 241 234/241 | 222 7 88 (1,1) | 178 78 | 46 38 49
5123 241 234/241 | 222 7 88 (1,1) | 178 81 | 46 38 49
