frame  dt  pre_render | region cutevent containers sweep | sectorsum | max_owner region_max | draws  (ms)
  300   6.7    5.0 |   0.05    0.05     0.01   0.00 |  0.00 | containers    2.1 | 56
  600  14.8    4.6 |   1.04    0.32     0.66   0.00 |  0.66 | containers   47.1 | 336
  900  15.6    5.2 |   1.63    0.95     0.68   0.00 |  0.68 | cutevent      1.8 | 335
 1200  16.7    6.0 |   2.29    1.59     0.71   0.00 |  0.70 | cutevent      2.3 | 335
 1500  17.6    7.0 |   2.98    2.24     0.72   0.00 |  0.72 | cutevent      3.5 | 335
 1800  19.3    8.2 |   3.60    2.86     0.72   0.00 |  0.72 | cutevent      4.6 | 336
 2100  20.4    9.0 |   4.24    3.49     0.75   0.00 |  0.74 | cutevent      5.4 | 336
 2400  21.4   10.4 |   5.42    4.61     0.80   0.00 |  0.80 | cutevent      5.8 | 336
 2700  22.2   11.4 |   6.31    5.51     0.78   0.00 |  0.78 | containers   13.1 | 336
 3000  23.1   12.2 |   7.16    6.40     0.74   0.00 |  0.74 | cutevent      7.0 | 337
 3300  23.9   13.0 |   7.86    7.12     0.71   0.00 |  0.71 | cutevent      7.8 | 337
 3600  24.4   13.5 |   8.43    7.70     0.71   0.00 |  0.71 | cutevent      8.3 | 337
 3900  24.9   14.0 |   8.98    8.23     0.72   0.00 |  0.71 | cutevent      8.9 | 337
 4200  25.3   14.3 |   9.52    8.81     0.71   0.00 |  0.70 | cutevent      9.3 | 339
 4500  25.8   14.8 |   9.88    9.16     0.70   0.00 |  0.70 | cutevent      9.8 | 341
 4800  26.4   15.3 |  10.37    9.65     0.71   0.00 |  0.70 | cutevent     18.1 | 341
 5100  26.7   15.7 |  10.82   10.13     0.68   0.00 |  0.67 | cutevent     11.9 | 336
 5400  27.5   16.3 |  11.27   10.55     0.73   0.00 |  0.73 | cutevent     11.2 | 336
 5700  28.1   16.9 |  11.77   11.02     0.73   0.00 |  0.72 | cutevent     13.6 | 336
 6000  28.6   17.7 |  12.20   11.46     0.73   0.00 |  0.73 | cutevent     12.6 | 336
 6300  23.2   18.1 |  13.00   12.26     0.72   0.00 |  0.72 | cutevent     13.1 | 46
 6600  29.9   18.4 |  13.06   12.31     0.76   0.00 |  0.75 | cutevent     13.5 | 347
