# /tmp/x3-bottleX3-run417/session-20261004-211921-212.log
# frame big3_size radius big3_value_eff | per big2: d/v d/v_small ratio unfloored value_eff
17137 187.50 5615.54 280.8 | 0.907 1.816 0.500 0 280.8 | 1.045 2.091 0.500 0 280.8
17138 187.50 5615.54 280.8 | 0.907 1.816 0.500 0 280.8 | 1.045 2.092 0.500 0 280.8
17139 187.50 5615.54 280.8 | 0.907 1.816 0.500 0 280.8 | 1.045 2.091 0.500 0 280.8
17140 187.50 5615.57 280.8 | 0.907 1.816 0.500 0 280.8 | 1.045 2.091 0.500 0 280.8
17141 187.50 5615.56 280.8 | 0.907 1.816 0.500 0 280.8 | 1.045 2.091 0.500 0 280.8
17142 187.50 5615.56 280.8 | 0.907 1.816 0.500 0 280.8 | 1.045 2.091 0.500 0 280.8
17143 187.50 5615.62 280.8 | 0.907 1.816 0.500 0 280.8 | 1.045 2.092 0.500 0 280.8
17144 187.50 5615.55 280.8 | 0.907 1.816 0.500 0 280.8 | 1.045 2.092 0.500 0 280.8
# big2 beside a big3: unfloored 0, floored 16
